LAMBDA = 0,2,4,6,
NTERM  = 5,5,5,5,
NPOWER = 0,0,0,0,0,0,0,0,0,0,0,0,0,0,0,0,0,0,0,0,
A = 
23914178.6417714,1658923.18813318,-67348.59730093682,-338.35601467631386,-0.730185626019024,
30869812.23187007,951206.5832134817,-46422.12563884894,171.55245780286148,-0.5787362588146991,
17495926.41751719,-920601.5777826678,20522.263648261982,-190.044302302653,0.36205039998250255,
22748862.00419071,-1716201.7927871253,35815.322485606004,-209.31750042917167,0.47910554597259297,

E = 
-4,-3,-2,-1,-0.2, 
-4,-3,-2,-1,-0.2, 
-4,-3,-2,-1,-0.2, 
-4,-3,-2,-1,-0.2, 

