0,1,2,3,4,5,6,7,8,9,10,11,12,13,14,15,16,17,18,19,20,21,22,23,24,25,26,27
127253.87929623867,6509.231413792855,-32.14107460685227,196543.58394793648,23035.264217601027,-12381.773291776582,12531.677354922162,4.617243481305195,-167.08212728119906,488.50503030101754,146729.703779798,22908.34440110993,-17231.99848384742,20622.787729466887,3560.775615882292,-1878.4889272900164,1601.89448065334,-1667.5574836833114,2304.399125102238,62151.08423409467,18891.259729801,-12016.170839796898,10381.453379083941,2880.059340607617,-1839.0664407564327,1474.3657333951014,-1291.7272350341864,1374.907040512775
92689.07179157835,4804.473433864252,-23.031549516648738,143985.16004641034,16901.61819548902,-9080.08601474221,9165.959986412676,2.566129910421296,-120.75599519827301,353.90824478318245,107951.09964606857,16718.761796209143,-12577.728917891449,15051.757322326459,2572.647283997797,-1357.2184781820388,1157.4071762701087,-1204.889384503489,1665.0887003260632,45854.3644506867,13784.115098927134,-8754.713715485923,7539.207270232295,2081.3492807515995,-1329.2323889128784,1065.8969380023973,-934.2332814612982,995.0470586775591
67357.73809863676,3543.183637912709,-16.418149211687705,105337.924691717,12373.317376008614,-6642.50042329753,6682.663558172262,1.0310813899377536,-86.86501285631675,255.51630632829983,79358.83672962277,12176.982703605572,-9161.562315365856,10961.68591745233,1852.7422423147436,-977.441534146426,833.5659525010606,-867.7951130971547,1199.286112035922,33815.00343267876,10036.899965151897,-6364.844343557628,5462.347401137278,1499.3540274143452,-957.7022967991325,768.19197048772,-673.6192132534215,718.0212983302608
48818.04287479084,2610.278727457102,-11.630017449265324,76944.37072782297,9032.786166502217,-4844.341507419642,4852.322840380213,-0.10262068598240148,-62.11995204991035,183.71848481067354,58288.2267703785,8848.230274279244,-6657.057975976168,7962.392443313002,1329.3173773948456,-701.3126472924905,598.1024259979804,-622.689547586532,860.5876980343847,24923.546228201525,7290.762136684257,-4615.9363408089,3947.172777569267,1076.1239715909214,-687.4986827466764,551.6437781179302,-483.99949759901756,516.3713683763217
35269.74655647529,1920.5147736966373,-8.174449616415586,56104.33398015784,6570.822056802168,-3519.21945183549,3504.9812658375176,-0.9249559485724603,-44.09502254957988,131.43498526058283,42769.67356273743,6411.789675511452,-4823.367469899802,5765.938088664491,949.6299692502616,-501.00922708057897,427.29388507370754,-444.88172760335584,614.8783436963416,18359.1752630636,5280.996577640955,-3337.9908078551625,2843.75493929577,769.053944694525,-491.43443522450707,394.482993979148,-346.3393163835535,369.90271544697316
25386.345747772888,1410.7526051335735,-5.689948904418088,40825.17009303266,4758.493045493815,-2543.9207233755405,2514.7706398135124,-1.5065248188684564,-31.00220637964685,93.45383319343546,31347.71060235832,4631.197745330515,-3482.8741393542778,4159.928331433379,674.9393089939072,-356.0948727681533,303.71525009898187,-316.2351802993869,437.09893931446925,13514.704280215392,3812.439379064842,-2405.7684392599085,2041.822927582467,546.8471142659282,-349.53776988486106,280.71670474768166,-246.6532140561444,263.7751972517399
18191.0033091921,1034.2278797211898,-3.911588572465007,29636.98829756004,3426.320176184254,-1827.214867722365,1788.4859923295407,-1.9027238132866842,-21.524411227753717,65.94091140668343,22947.08718018188,3332.2036435870486,-2504.6598479598897,2987.77028164948,476.8172125859951,-251.57315067691923,214.5797059217757,-223.44090660472276,308.8602928647389,9941.048056904176,2741.2761266300663,-1727.0622491105055,1460.3390117953295,386.5356973199896,-247.15141108341822,198.60687258312305,-174.6753036905484,187.093407351701
12964.867349674101,756.3062736376019,-2.645465619028073,21456.02486499917,2448.8568650736124,-1301.562245181327,1257.120467347081,-2.1570049463498435,-14.692139127130758,46.07803874390629,16773.682304263762,2386.4783131500276,-1792.2829123860129,2134.076209456379,334.4257561958617,-176.45158303629933,150.51434078177203,-156.7431016674278,216.68254487433097,7306.113688999225,1961.5954855663422,-1234.0326769370379,1039.8027147066332,271.28263608871316,-173.5300137052501,139.54755914868485,-122.8779626607336,131.86634247451116
9179.342494714587,551.338878368445,-1.7498689233736968,15483.633730951313,1733.2661358952073,-916.9709188748025,869.5933497366082,-2.303425273824814,-9.792343643079903,31.79571480953723,12241.19799888068,1699.5761427298175,-1274.7451277550454,1513.8741866518776,232.50955564643994,-122.6825609291293,104.65715162536742,-108.9993392979544,150.69668342683863,5364.370358870851,1395.4526545055148,-876.807215247851,736.5711956231253,188.76023074256477,-120.80567744415612,97.23678439940659,-85.74800051554348,92.23996314136002
6446.071031191633,400.3326567002696,-1.1214047109207286,11131.625643770054,1210.8594584002558,-636.4457372806451,588.1030373231674,-2.3686450139382487,-6.301093180052476,21.575839404247517,8916.932659544085,1202.0413153575412,-899.8174751725393,1064.6347865671407,159.91576298041218,-84.38262997299447,71.9913913716797,-74.98777233803855,103.68734088470659,3934.3255982937208,985.5285107473128,-618.7542416005435,518.6694463165013,129.95488729289787,-83.22532136861912,67.0659970842745,-59.25299779423699,63.931327283602286
4480.005675089568,289.2247119700007,-0.6847806718825495,7967.0962181411,830.8294907106479,-432.616989873311,384.68398221122493,-2.373496353663768,-3.8338377128716274,14.306143085610756,6481.674706844599,842.8393561983546,-629.1100250156796,740.3804313774554,108.50367100651079,-57.25729598534815,48.8551440796836,-50.89670387060333,70.38755837685555,2881.8552895211724,689.7080191006115,-432.9943526143235,362.70094090356315,88.28647103267326,-56.588778651243274,45.6702164273554,-40.44806102123982,43.81156872094414
3072.157776453918,207.6038745702242,-0.3852891567618144,5671.666700591565,555.6080111488182,-285.2429454717303,238.65569596248906,-2.3342172657254423,-2.1086897119774903,9.172821877068031,4700.044898879749,584.5075931610288,-434.43138464268566,507.33470220239343,72.34185411822563,-38.17750761408284,32.58022151055249,-33.94875203058466,46.95950863385172,2107.867325751209,477.07745874913945,-299.826186272163,251.5708811024324,58.959850927312914,-37.83503270642757,30.596760271716562,-27.18621916273588,29.598746358430446
2069.4943658905813,147.76366958292027,-0.18328062587517024,4011.3814444608875,357.4277357238384,-179.35980202524422,134.73272215673683,-2.263423370790065,-0.9193242658070062,5.581388770862873,3398.5694442249305,399.57604044757295,-295.1013444380808,340.71010512467745,47.1174269713062,-24.868032529175395,21.226461709833536,-22.124306689077507,30.612403891591097,1539.173353683398,324.97027312548266,-204.82785043642582,172.80926533777688,38.487739374412854,-24.73774425038755,20.061462683941954,-17.905287355051115,19.631763237701534
1360.115714813649,104.00077717020736,-0.050103921899136594,2814.4832915762736,215.77592070969968,-103.91126579894478,61.62435081011756,-2.1708745263734954,-0.11498725068275917,3.09835865820844,2449.472245117655,267.92699462286123,-195.9679340863214,222.33727855940893,29.701711917122168,-15.678340442187704,13.386374379615134,-13.95820159230539,19.321561273109324,1121.7351796548955,216.78774120001535,-137.45732698267557,117.33654906976233,24.339844654700926,-15.681370668303401,12.769409386415646,-11.471123413107222,12.704078090842813
862.3321190094867,72.09535748405,0.03487302784722601,1955.0113124819163,115.50854848547806,-50.733457780831884,10.997207635055304,-2.064080235097947,0.41424553777687834,1.4083096068447105,1758.6974366916097,174.84804749837124,-125.94489614655402,138.91595960290059,17.831177684955364,-9.414292751778788,8.041631318132318,-8.390346077915805,11.622021337825416,815.6687795386165,140.39199790237825,-90.02127680754256,78.55573676799798,14.685118412459403,-9.496684796979679,7.783226910925663,-7.062451940697258,7.941494926947087
516.6189139984479,48.92610273349814,0.08644720142616791,1340.7006064489392,45.4538251638794,-13.803057254257538,-23.293283215173602,-1.948778251201162,0.7483314143771906,0.28228814595713914,1257.0604522063525,109.59715778670882,-76.93352865164312,80.72525253953631,9.873282624203298,-5.214620236446606,4.457744344395486,-4.656102026709879,6.45708090374521,591.5490713018063,86.9217073733253,-56.91573988914365,51.68511533818068,8.20257695927964,-5.34004835491254,4.4264021137209895,-4.086311241553389,4.712428527540581
279.69523133814056,32.185095918432054,0.11517946679310853,904.0599340003694,-2.6218847528697893,11.31954304044254,-45.77221350713155,-1.8293132514471253,0.9452610634831515,-0.44542018264463934,893.7123734870349,64.34572421735898,-43.02832021245915,40.673084367610215,4.654815316880466,-2.4603688688176213,2.106852896673434,-2.205917362834052,3.067248648461474,427.6772498720245,49.91973604852575,-34.067422444131125,33.268289296802806,3.9426019015610194,-2.604895371078996,2.2123905054540103,-2.116045999359393,2.5620830741799523
120.16909346919864,20.16660631892595,0.12856360195344507,595.7960024258485,-34.77967224921106,27.90261557245696,-59.766890836892614,-1.7089366120988316,1.0469462314130489,-0.8943547576774158,631.314415965148,33.40059045563295,-19.93204114425884,13.596057069895892,1.3362057692941178,-0.7085957526745332,0.6111882029925404,-0.6464799112318005,0.9089348797252175,308.0603324504399,24.691052263929734,-18.522896683792546,20.8147706647799,1.2253736892652398,-0.856910194099811,0.7926965493175473,-0.8458875538418447,1.1642268785094743
15.337172946905639,11.610656741148254,0.13187959007312067,379.9700175391144,-55.474867452600854,38.34845742337142,-67.7191644424363,-1.5900438075736298,1.083549158347739,-1.150402213299481,442.4763739426123,12.631787770983436,-4.52536203726067,-4.255922525135951,-0.6803765180486323,0.35611182042226197,-0.29826576496110846,0.3023116503559411,-0.4050044038380296,220.917607186137,7.8304373932886975,-8.146815183152224,12.536636735444798,-0.4334014201671401,0.21337795101789325,-0.08110000098170644,-0.05772867493847578,0.28590508083115296
-51.16472799270793,5.587164700290483,0.12881531401581192,230.43247143371397,-67.97656532907791,44.41947314970612,-71.41671222727527,-1.474362420727739,1.0766631926945176,-1.2749755349623486,307.1290246259838,-0.9480454164988572,5.449576620344168,-15.598717450601171,-1.818114682623758,0.9570296914866487,-0.8119521524540021,0.8387620286863866,-1.1486752553357231,157.5768358290913,-3.124613545788252,-1.4004252565430981,7.155825267650497,-1.3767211780761386,0.8252098997177804,-0.5850752814627427,0.4031446047468066,-0.23834280178780176
-91.08479988464393,1.4101395424111498,0.1219185567247223,128.20072833496664,-74.6780951309564,47.405534344831096,-72.1642850848255,-1.3631010020795706,1.0416469277303353,-1.3117338573724062,210.58645594589956,-9.492483199533275,11.62160871657662,-22.392550057509453,-2.3744372494377686,1.2510895994890063,-1.0637350718712058,1.1022732086436173,-1.5147808287054811,111.65871362649102,-9.948748520804699,2.820805665229841,3.763324372077401,-1.8458130191734732,1.1328277002758051,-0.8431775197414244,0.6457484990756033,-0.525289296830258
-112.81744055696973,-1.4258563815360068,0.11292482935721182,59.53166006702959,-77.32673058479315,48.24784269285284,-70.91046648051427,-1.257066861065141,0.9893350320048899,-1.2914946697613274,142.11788965334918,-14.547832530178624,15.161121619250618,-26.04654795119947,-2.556575895901741,1.3476374245129303,-1.1468953303001097,1.1899951649146834,-1.637630021060664,78.47448265081691,-13.91568965448645,5.306082649585788,1.716451202855513,-2.0088846873758603,1.2438290987706724,-0.9419356147153275,0.7462793032465267,-0.6567108946805614
-122.32659294845558,-3.2927547996722826,0.10299447254405969,14.506408699764288,-77.19360057880348,47.63057711111357,-68.34147569868104,-1.1567591828198722,0.9272904397117507,-1.2358186547925136,93.89562730031946,-17.21909048725765,16.90509408130647,-27.568763534657027,-2.5073650850815206,1.3220437517506287,-1.1257368335554512,1.1689078504586141,-1.6098332764883256,54.58113138044485,-15.935179741899702,6.6162162608795665,0.5640565136233917,-1.9819891156544829,1.2324890500691814,-0.9411363522631486,0.7574643286392866,-0.6893348035943361
-123.82014489372901,-4.46381301586357,0.09288357993760954,-14.00773299655476,-75.19932488595775,46.048681961049,-64.95055729563315,-1.0624425358226048,0.8607193436029377,-1.1596208161550088,60.2205537515672,-18.291367868177886,17.448633918798087,-27.676067284916385,-2.3239114433844215,1.2255530056347927,-1.0439856487073667,1.0845646961414936,-1.4943853580805921,37.453073570065655,-16.653174453845722,7.14708620758827,-0.00782085356539497,-1.8441264577831058,1.149402944249747,-0.8815550329597275,0.7153345134539326,-0.6620470219401007
-120.24163877013467,-5.139397583748391,0.08306674392849,-31.1179288834441,-72.00687324011739,43.85798728618579,-61.08928676066521,-0.9742047895086614,0.7931385091081218,-1.0730681632163979,36.9523751791405,-18.318594016649243,17.211892919564022,-26.87453466709462,-2.071061717658444,1.092388652030822,-0.9308493001523601,0.9674006238633543,-1.3333827730238017,25.239901296502367,-16.525031908604284,7.175887931022789,-0.2153445124724911,-1.6481415881353882,1.0284459987267311,-0.7905358791569816,0.6441151671608001,-0.6011008390294368
-113.62805710804312,-5.466066800780036,0.0738248053180417,-40.462346991982315,-68.09016364743172,41.312247296210415,-57.00548285904965,-0.8920026351306447,0.7268608580428015,-0.9829553495545049,21.09080333982044,-17.688206464300197,16.488900562491622,-25.518154773411656,-1.7910835411033634,0.94486050584079,-0.8053724185072113,0.8372666766092198,-1.1542906940917588,16.587726556513083,-15.868883203215482,6.894763281581229,-0.20535141477682117,-1.4285597405598969,0.891778051435498,-0.6860062471530322,0.5597456703847792,-0.523867985174217
-105.36955575424795,-5.550690359643703,0.065307247030292,-44.61678600797924,-63.7847066057309,38.59049441519609,-52.87120219545267,-0.8156972500316968,0.6633478742876786,-0.8936988956845848,10.467970216842971,-16.66823290874633,15.483133981612758,-23.851627624552115,-1.51059467420761,0.7970204840942747,-0.6795545923160118,0.7066761513009072,-0.9744293638520691,10.507485627323014,-14.904472346918396,6.435198782704106,-0.07586347625994705,-1.2071971742254695,0.7534278706825162,-0.5793524415132374,0.4724023598233469,-0.44152975848217935
-96.39750981287605,-5.47089385012746,0.0575762708175338,-45.391261529952644,-59.324965489809884,35.81722539724307,-48.803391222446166,-0.7450821280273701,0.6034645501427462,-0.8080532263188491,3.5227582995331073,-15.441479361517946,14.333369504163205,-22.04149593389363,-1.2454981228314965,0.657266355909945,-0.5605711141335821,0.5831168532835189,-0.8041699797096058,6.277915684154629,-13.781356090632798,5.885677476111045,0.10919067585039244,-0.9971589717979423,0.6218476592513982,-0.4774700739324349,0.3882983998842029,-0.36099890806403945
-87.32023287641266,-5.2827819602604,0.05063768748030295,-44.04591134825124,-54.87189126025475,33.07728345308678,-44.879103743519224,-0.6799046879036368,0.5476631286543725,-0.7276242169755331,-0.8645823268998765,-14.130289538484615,13.132422931279107,-20.198735002765495,-1.004476178907714,0.5301852388955295,-0.45234539524169914,0.47068842116658427,-0.6491978705943442,3.374120086272098,-12.599323444775056,5.3044091764097026,0.3094561484594962,-0.8056709825217294,0.501723077687783,-0.3842175448669325,0.31096066760330743,-0.2862847687431884
-78.52057178237857,-5.026646910217652,0.04446235250170183,-41.447817946721976,-50.53319187361059,30.426816882079528,-41.146697546723075,-0.6198829455759416,0.4961149227063242,-0.653235686126509,-3.4934810160012946,-12.814420338374653,11.94069419587207,-18.395097014587705,-0.7914465004459821,0.41784950103397867,-0.35665438600768495,0.3712534793350333,-0.5121037916812554,1.4150106045926663,-11.423135148829633,4.7284772088480835,0.5006741288758221,-0.6360717897584323,0.39524680844699045,-0.30143931888747866,0.24212953398579584,-0.21945667812996117
-70.22578312893413,-4.731185440364914,0.039000855304680115,-38.18462435849398,-46.3782318287477,27.901336546454555,-37.634057415877024,-0.5647182755734406,0.44880435453546674,-0.5851893760031075,-4.931515434573077,-11.543900529487637,10.795922576042061,-16.674896235677146,-0.6072734745552228,0.32071976653181355,-0.27389891775337616,0.2852399352463211,-0.39349308706559327,0.12466880397148072,-10.293123987549508,4.180381604275452,0.6693995685459484,-0.4892018032835672,0.303007023888918,-0.2296802866119947,0.18238773237442385,-0.16131857053159138
-62.55730639433316,-4.416611952154125,0.03419342215666887,-34.646602975759755,-42.44896481571553,25.521629194280642,-34.35462025042197,-0.5141050803654448,0.4055955780782483,-0.5234480262927867,-5.578964278197197,-10.348240966259102,9.720183559057604,-15.063472526706164,-0.4509476910745538,0.23826730245150052,-0.2036347099584903,0.2121940882453357,-0.2927504469575064,-0.6960344585421001,-9.232785165183525,3.6726954830817107,0.8092976904337927,-0.36436159175086047,0.22460064574819194,-0.16867928528128262,0.13159544154814573,-0.11187678212436358
-55.565997599050036,-4.096954859391909,0.029976446820442426,-31.085731639742015,-38.76793772324112,23.298087081380636,-31.311776817433447,-0.4677380207422406,0.36627926541695555,-0.4677631184279072,-5.715821227010278,-9.242997819625298,8.724882492608346,-13.57324001051645,-0.32038758263129097,0.16939705905179592,-0.14493334989019457,0.15115669896738826,-0.20855996289950163,-1.1902639347235124,-8.25418318423368,3.2113580193710503,0.9185712942141961,-0.2599640707756885,0.15905096598444746,-0.11770556369619634,0.08918746089313156,-0.07066053098375003
-49.256882031617565,-3.781748729516763,0.026286665453666203,-27.65804596926566,-35.34413418443084,21.233868740325924,-28.50207555651086,-0.42531732841912984,0.33060509480330413,-0.4177629852546687,-5.535962238070545,-8.23442074174551,7.814297290596086,-12.207984618026341,-0.21297440413747504,0.1127300145947403,-0.09662326173750957,0.10091408928108159,-0.13925243932241038,-1.4604834543754093,-7.361779198545172,2.7979855174079056,0.9981940675500969,-0.17397049875529014,0.1050870729202078,-0.0757842508411235,0.05437284148019206,-0.03693805273788575
-43.606380731225,-3.4772796248843543,0.02306370331278451,-24.453856189694882,-32.177225858965116,19.327197893370965,-25.91754337057365,-0.3865526164691282,0.29830397726181346,-0.3730126745955147,-5.171915639455673,-7.322719987947313,6.988073454482438,-10.96589556635853,-0.12590049359946853,0.06678699972289515,-0.05744663321784094,0.06016171857593289,-0.08303171181280433,-1.5796288050338734,-6.5551194846188725,2.4314781631598814,1.0507151089691256,-0.10417498341269038,0.06132640853354676,-0.04184397267795059,0.02626603173432618,-0.009859356654307483
-38.574157035000255,-3.187500188307516,0.020251511346938145,-21.519181743239173,-29.260651586954193,17.573027623710015,-23.547356466270468,-0.35116551874292856,0.2691029583992526,-0.3330538076083469,-4.712768734961358,-6.504341387258999,6.242965336469734,-9.841684646727714,-0.0563880592018684,0.030104202869901675,-0.026158057256259193,0.027607053651012237,-0.038117035391146636,-1.5992743451548237,-5.830705900305109,2.109123910859121,1.079465478401744,-0.04838384904180271,0.026390065911463756,-0.014810371800791144,0.003970374808117794,0.011452175224825112
-34.11113829323777,-2.9147007478164224,0.017799059349154156,-18.8708503448377,-26.58383493969481,15.964237758086483,-21.379033648274685,-0.31889142184683106,0.2427349260994589,-0.29743037594697874,-4.217070155502091,-5.773531745289246,5.5740374359056855,-8.828050992651793,-0.0018192831798291564,0.0013018776047020175,-0.0015832439253897768,0.0020308436471296876,-0.0028279575351737307,-1.5555922918209104,-5.183281468639864,1.827345339007337,1.0880453288404475,-0.004522906272136806,-0.001028061135217806,0.006337526013112549,-0.013371170311710534,0.027843469179321678
-30.164836159006754,-2.660000296226826,0.015660543238335656,-16.507043290171655,-24.133769561659655,14.492489603737138,-19.39927953172782,-0.28948049913928475,0.21894466533490098,-0.26570474877844363,-3.722090754314571,-5.123399498969819,4.975480861930739,-7.916678523953053,0.04019336228472259,-0.02087850264499025,0.01734919375272792,-0.017679659652184432,0.024369608202407633,-1.4736929930019964,-4.60670005111059,1.5821947184806322,1.0800048271482012,0.02930395699751487,-0.022123309224501675,0.022536080729639862,-0.026547528185372538,0.04009943879846567
-26.682774194906237,-2.423704596877419,0.01379528575190303,-14.414581836902968,-21.89614165793383,13.148829745352213,-17.594571847348213,-0.2626982128847297,0.19749237093424687,-0.23746694486132558,-3.2504407105963544,-4.546618645222402,4.441157219983705,-7.098901706729996,0.07177626316858077,-0.037557918958085246,0.03159373286423106,-0.032516010497741776,0.044842940315343416,-1.3707790981653067,-4.09450220555578,1.3696729692664764,1.0586571638576636,0.05478838093973892,-0.03796291993785217,0.03462247698828158,-0.03626578445354167,0.04892669574840802
-23.614602648145034,-2.2055663704194792,0.01216745389726559,-12.573893260710435,-19.85611455936703,11.924110595423354,-15.951562358398277,-0.23832541602150048,0.1781554154897793,-0.21233934344991168,-2.814772169763782,-4.035882554385104,3.96495089243687,-6.366137613243388,0.09478910429752352,-0.04971683278904959,0.041985333514112044,-0.043345763251414926,0.059788514660273684,-1.258431947368253,-3.640285153179783,1.1859266928400465,1.0269800651218937,0.07341183336996537,-0.04948200162921834,0.04333091934851119,-0.04314703685722332,0.05494771144180133
-20.9133141346728,-2.0049734120816454,0.010745676771126922,-10.962335018938731,-17.99886744036808,10.809277620014868,-14.45734265253509,-0.21615815724617926,0.16072894151322403,-0.18997837063489742,-2.4210997287635463,-3.5841841465126483,3.540987895498887,-5.710154810086686,0.11083482778639597,-0.05820040534119597,0.04924383090543161,-0.05091696804530965,0.07023811921895717,-1.1442640373170978,-3.23792991644752,1.0273618861108602,0.9875752500503499,0.08645266198602153,-0.05748769707000656,0.04929549534755073,-0.047728216470386664,0.05870155726646864
-18.535853749115816,-1.8210837470926702,0.009502619307014237,-9.556365768116658,-16.30995596914532,9.795560013474255,-13.099612557801006,-0.19600727092025716,0.14502568153245088,-0.17007423871829097,-2.0711265672417696,-3.1849770330319025,3.163762932739935,-5.123229625546959,0.12127845945083426,-0.06372840123253054,0.05398233218955306,-0.05586684847810908,0.07707076444282168,-1.0331092055413134,-2.8817306411877093,0.8907016775907839,0.9426646117981621,0.09500048969251584,-0.06266809345216706,0.05305691662976436,-0.050467416140135446,0.06064856889249859
-16.443330376475927,-1.652921941043851,0.008414547872508615,-8.33291395762269,-14.775544713581567,8.874591871004922,-11.866778932637772,-0.17769781556846498,0.13087529021421895,-0.15234948685442995,-1.7638581572027638,-2.832256387119373,2.82820425900972,-4.59822584494945,0.1272703605111576,-0.06690743175014924,0.05671761698689037,-0.05873257613665839,0.08102750504952971,-0.9278763715969534,-2.566458049354728,0.7730073081850142,0.8941085565803206,0.0999743326962349,-0.06560355494446735,0.05507126689841568,-0.05175107016883845,0.061177143246945453
-14.60097362754377,-1.4994469878829109,0.00746091002436966,-7.270194518395835,-13.382547860920736,8.038483719112675,-10.748005184602503,-0.161068410581934,0.11812338642339615,-0.13655683596357626,-1.4967080255304632,-2.5205868730615655,2.5296972894596017,-4.128623383938732,0.1297710086170336,-0.06824400909376882,0.057881236649243606,-0.05996278173233216,0.08272729137746149,-0.8301589802463443,-2.2873795378819803,0.6716757510329088,0.8434366531003472,0.10214207584646773,-0.06677896030578134,0.05571953016109393,-0.05190189631074524,0.06061148410453987
-12.977936189500202,-1.359599464605287,0.006623941411208811,-6.3481516102451,-12.118705016384958,7.279858952629466,-9.733226406730964,-0.14597050945936152,0.1066304413093786,-0.1224767038800112,-1.2662434561162947,-2.245096741758185,2.2640816358363667,-3.708513913047968,0.1295754857806759,-0.06815744948882452,0.057830490612206575,-0.05992894599193388,0.08268266430501892,-0.7406675247631915,-2.0402516568315394,0.5844231998667189,0.7918840666637923,0.10213981140190898,-0.06659588565941177,0.05531712114786763,-0.05118690600873249,0.05921953599730356
-11.547009601826204,-1.2323336193855223,0.005888306539684418,-5.548653014988452,-10.972611621564074,6.591865805777762,-8.813140984120084,-0.13226763894694282,0.09627060438956425,-0.10991460887723137,-1.0686777479943526,-2.001451310162748,2.027631765648016,-3.3325759594914235,0.12733658700855077,-0.0669920515419109,0.05685878965900326,-0.058936158735128585,0.08131458518552881,-0.6595343400206459,-1.8212958434309945,0.5092606948232588,0.7404295711758699,0.10049014585739324,-0.06538415554301402,0.054122948077085176,-0.04982506068603329,0.05722063865457638
-10.284298975026541,-1.1166385642973147,0.005240775988446966,-4.855524087038074,-9.933718209168763,5.9681725923896245,-7.979186545582028,-0.11983462631904906,0.08693052831014869,-0.09869860731134228,-0.9001856049173734,-1.7858148456539853,1.8170282755586902,-2.996038112761304,0.12358596047151826,-0.06502823852439754,0.0552051397657799,-0.05723296779720022,0.07896601479353271,-0.5865265111054423,-1.627164828452031,0.4444660637920195,0.6898325341760514,0.09761898410281211,-0.06341244449824845,0.05234774679551968,-0.04799433646183118,0.05479263336834678
-9.168886369703465,-1.0115516381819656,0.004669940017241192,-4.254482184639947,-8.99230879137693,5.402951819384953,-7.223505941377238,-0.10855683140892669,0.07850823094609272,-0.08867685409473736,-0.757096413197881,-1.5948069036520738,1.6293244948182004,-2.6946361840539783,0.11875301874720301,-0.06249252675402983,0.0530626282755956,-0.055020193777721604,0.0759140687509976,-0.5211929646894805,-1.4549046811481658,0.38855489231717355,0.6406673620924668,0.09387056830083895,-0.06089778333786239,0.050161564063306685,-0.04583808258934993,0.05207828591919739
-8.18250155696275,-0.9161661883667889,0.004165956912586366,-3.7330132672885417,-8.13946579799711,4.89085720976537,-6.538907314398309,-0.09832939555909537,0.07091201816077952,-0.07971533577286594,-0.6360043582348471,-1.4254570765614711,1.4619115295113743,-2.424568205040478,0.1131815718496203,-0.059566293722392916,0.05058588932971597,-0.05245868582850233,0.0723807142168329,-0.46296465390246233,-1.3019157366785032,0.34025221845059006,0.5933546245302601,0.08952072161610136,-0.058013935113433224,0.04770035747525711,-0.04347063870911144,0.049190977701081384
-7.309211316272064,-0.8296354167930122,0.0037203335077343747,-3.28021871260186,-7.367026866716748,4.426996519910947,-5.918821147797345,-0.08905651617469146,0.06405947998966877,-0.07169579985428265,-0.5338229129587181,-1.2751606556164519,1.3124837358095518,-2.182449772347173,0.10714426278692202,-0.056393388270373435,0.04789758413032963,-0.04967605487109472,0.06854205732133634,-0.41122151760402625,-1.1659144503623435,0.29846595214517024,0.5481885552416079,0.08478835374684712,-0.05489867451261199,0.04507173529884537,-0.04098222590660848,0.04621967156955492
-6.53513330034813,-0.751173491127171,0.0033257348793472863,-2.886650814575643,-6.667537240029575,4.006902192179451,-5.3572563050590505,-0.08065075284214096,0.057876565870984664,-0.06451388694036786,-0.44780301284773283,-1.1416367037639459,1.179005833426599,-1.9652712852784227,0.10085496111531644,-0.053086664585997145,0.04509396535364535,-0.04677245587024481,0.06453631965403961,-0.36533607945443625,-1.0448973971662379,0.2622625487292001,0.5053609305893032,0.07984534705032659,-0.05166004432634008,0.04235989211027269,-0.038443155995572784,0.04323319178137852
-5.848177091214636,-0.6800547934539929,0.0029758200939671298,-2.5441487357764445,-6.03420039350056,3.6265012672188064,-4.848756446023754,-0.07303236886338094,0.05229673982344407,-0.05807746138344427,-0.3755283397797018,-1.0228893564564223,1.0596823398923885,-1.7703579658976376,0.09447930766974988,-0.04973354173617439,0.042249612105119516,-0.04382550865335144,0.0604706269121581,-0.3247007738523815,-0.9371080745304649,0.2308451556177229,0.46498150882634137,0.0748249737353292,-0.04838168321696698,0.03962981313000269,-0.035907419097472096,0.04028387533742664
-5.237812871250429,-0.6156119377099254,0.0026651009395957104,-2.2456820715377788,-5.460828697959813,3.2820855314339483,-4.388357742944223,-0.06612871043141466,0.0472602134502742,-0.052305129719700916,-0.31489693234746363,-0.9171727135989525,0.9529296502688861,-1.59533310570867,0.08814361716708785,-0.04640069760899068,0.03942142797844983,-0.0408944532651232,0.056426741893324084,-0.28874406714168943,-0.8410067939938456,0.20353425249418466,0.4270953143966332,0.06982900651786045,-0.04512732693546187,0.03693082694011052,-0.03341571615272408,0.03741066011648719
-4.694866768134821,-0.5572330095533707,0.0023888207544104367,-1.9852060453843174,-4.941795322780146,2.9702825496076164,-3.971548488828106,-0.05987362443446198,0.04271325281201355,-0.04712493258555028,-0.2640953568567421,-0.8229593918391374,0.8573508537809906,-1.4380846890823384,0.08194234361225161,-0.043138005241254995,0.03665199406072939,-0.03802363516192586,0.05246587314969875,-0.25693897947555333,-0.7552437059285595,0.17975068325845656,0.39169709821002385,0.06493368453770576,-0.041944585010045665,0.03429958653014337,-0.030998003756161546,0.03464167690976466
-4.211341139505177,-0.5043583521750693,0.0021428507024745524,-1.7575302589209012,-4.471988158544429,2.6880279981407997,-3.594230952391342,-0.05420691494515828,0.03860755418907674,-0.04247319425182494,-0.22156957070273864,-0.7389126231107417,0.771713231327225,-1.2967353550671503,0.07594430250796835,-0.03998181376440452,0.03397236387157099,-0.035245410549971046,0.0486326837772435,-0.2288065555175406,-0.6786348518017602,0.15900090855537985,0.35874331666515435,0.060194688185687795,-0.038868089941030026,0.03176255492665561,-0.028675615916555458,0.03199641026327493
-3.7802576550366638,-0.4564771262654186,0.0019236011108599849,-1.5582015547485382,-4.046766230794191,2.432539546630178,-3.25268566499663,-0.04907383776257157,0.03489968328432291,-0.03829351360989741,-0.18599514037414938,-0.6638616780236348,0.6949282893759166,-1.1696155439105684,0.0701978279184749,-0.036957667807546224,0.03140438010021357,-0.03258255480007227,0.04495861468290485,-0.20391607079508134,-0.6101410510225934,0.14086427332438733,0.3281619623681924,0.05565126416674274,-0.035922108246994267,0.029338065753952217,-0.026463022533981945,0.029487488564754305
-3.3955208790414098,-0.4131238028240002,0.0017279457510486207,-1.3834006942631016,-3.661918859426233,2.201292416709383,-2.9435382065341416,-0.04442463187754503,0.03155057230976077,-0.03453588093923593,-0.15624845991021397,-0.5967803366328395,0.6260341374181796,-1.0552396093807803,0.06473502420939248,-0.03408254959695586,0.028962584847280315,-0.030050248416748526,0.04146462503468157,-0.18188321440692518,-0.5488493842435163,0.12498207237257097,0.29986055708734083,0.05132962785909087,-0.033122693749448595,0.02703802210706352,-0.0243692785945189,0.027122158183583905
-3.0518000638230207,-0.37387469694943076,0.0015531572063461896,-1.2298520440947631,-3.3136276665141122,1.9919966640799773,-2.6637284756870505,-0.040214086384011305,0.028525069528610114,-0.03115590574830035,-0.1313799217478756,-0.5367681069131784,0.5641799945620622,-0.9522846464192669,0.059575253551622964,-0.031366718121881826,0.0266557866852071,-0.027657706333241883,0.03816344060677562,-0.16236709892016749,-0.4939570176152763,0.11104820000734028,0.2737325885725208,0.047245755273454565,-0.030479454186328955,0.024869289844233727,-0.022399211967147503,0.024903490413913
-2.744426969598117,-0.33834461417755113,0.0013968517080351073,-1.094745192398677,-2.9984314310749385,1.8025761727300753,-2.410482375344748,-0.0364011411277238,0.02579153609327478,-0.028114142188231078,-0.11058952624153834,-0.483033890754521,0.5086126066294518,-0.859571774220425,0.05472798213159619,-0.028815210175247574,0.02448833971749878,-0.025409507861897274,0.035061389097538254,-0.14506667154505548,-0.4447571129245172,0.09880118145488498,0.24966264144312045,0.043407662567556904,-0.02799699318720729,0.022834834294461537,-0.020554391671974558,0.022831363943049313
-2.469307687719967,-0.3061836546404399,0.0012569420422471334,-0.9756672995467521,-2.7131937194744955,1.6311493123203753,-2.1812858086556615,-0.032948519242799346,0.023321485368667155,-0.02537549984477086,-0.09320511079777813,-0.43488181007039506,0.4586643617392092,-0.7760496194594275,0.05019509108918724,-0.026429059160563817,0.022461182228733112,-0.0233066767508045,0.03215989063678737,-0.1297169055696256,-0.4006265798470138,0.0880174002011716,0.22753044093333408,0.03981725765562563,-0.02567608116392517,0.02093464270241395,-0.01883391282131046,0.02090325984672209
-2.2228466314175206,-0.2770742015621473,0.001131597325583683,-0.870544971334836,-2.4550731751335317,1.4760111853361875,-1.9738608598798137,-0.029822389654205028,0.02108926031639677,-0.022908729023751545,-0.07866318581404314,-0.39169892594708544,0.4137429053520689,-0.7007797575017467,0.045972742834380964,-0.02420627945547918,0.02057267562235518,-0.021347553637188127,0.029456661825742247,-0.1160850146407606,-0.36101544400767194,0.07850535391223296,0.20721399841189625,0.03647183624374867,-0.023514600946967668,0.019166468644729394,-0.017235029249794497,0.01911490085303448
-2.0018810535326,-0.2507281073690015,0.0010192086204615647,-0.7775944881207548,-2.2214963238969263,1.3356173759843117,-1.7861440227874135,-0.02699205760457013,0.019071744910943128,-0.02068597090174948,-0.06649224764576181,-0.352944607810159,0.3733220720919469,-0.632923887232216,0.04205287969835991,-0.022142656903707286,0.01881927819834875,-0.019528496805199663,0.02694668285020263,-0.10396683812496055,-0.3254376249898906,0.0701007905356299,0.18859202010969706,0.03336528372820097,-0.02150830710205201,0.0175264292093546,-0.015753660205158976,0.01746076188876354
-1.8036246420057376,-0.22688408148197092,0.0009183595122866095,-0.6952793040856071,-2.0101327366817596,1.2085691051138312,-1.616266334905569,-0.02442968128260592,0.017248105945859432,-0.018682364082635405,-0.056298373936392865,-0.3181413348378397,0.336933969344735,-0.5717325351007395,0.03842441984931688,-0.020232379668230355,0.017196082926235062,-0.017844441549431045,0.024622969474896672,-0.09318348138306143,-0.2934629398163726,0.06266259451217016,0.17154571579241307,0.030489034818085514,-0.019651431796817484,0.016009480938993417,-0.014384793376659273,0.015934474742272338
-1.6256189241189478,-0.20530527757695852,0.0008278009014525411,-0.6222738294529448,-1.8188723850518072,1.0935996925811147,-1.4625352762845105,-0.02211001267796814,0.015599561955871866,-0.016875700166684854,-0.04775287639270248,-0.2868667367177959,0.3041620653850493,-0.5165351044414854,0.035074204965688166,-0.018468538176530977,0.01569724368409059,-0.016289343578102966,0.022477185012771878,-0.08357825160764727,-0.2647101684276021,0.05606931013119759,0.15596012231168982,0.027832834425049385,-0.017937164817258322,0.01460979637383756,-0.013122802973454896,0.014529146031446824
-1.4656913759807007,-0.18577707393664472,0.0007464293759424367,-0.5574326134742607,-1.6458050254268588,0.9895622289468968,-1.3234182950683224,-0.020010160855018666,0.014109176323032074,-0.015246121895796827,-0.040581778269319274,-0.2587467043737533,0.27463515180458314,-0.46673110604344337,0.03198774518414654,-0.016843518157070178,0.014316310405338983,-0.014856527703495437,0.020500121587741393,-0.07501390159967047,-0.2388410375338854,0.05021620463334875,0.14172503798185365,0.025385336204513637,-0.01635803079703861,0.013321059440980956,-0.011961698492457182,0.013237604517460852
-1.321919282806419,-0.16810503787978182,0.0006732686268355603,-0.4997641499887964,-1.4892014517347114,0.8954183610876281,-1.1975278278760566,-0.01810937591940634,0.012761671949316433,-0.013775858287888534,-0.03455688998603637,-0.2334494229602749,0.24802206586150813,-0.42178242471616756,0.029149799181001218,-0.015349306728671935,0.013046490136806935,-0.013538959494276692,0.018682075080109356,-0.06737017597840492,-0.21555499748802903,0.045012787584088054,0.12873564737764123,0.023134569021110565,-0.014906182848763515,0.012136694872839492,-0.01089531718829197,0.012052591111198378
-0.4767289523235192,-0.061853990181155616,0.0002429508446483361,-0.17350738282780184,-0.5478668252220181,0.3294547095076703,-0.4406475048557344,-0.006669657922438468,0.004683943306654587,-0.005024613793917193,-0.007839011415055386,-0.08437520889252834,0.09017375588430197,-0.15397227440902542,0.011181875679621589,-0.005888314793920768,0.005005346930523208,-0.005194657285845422,0.007168047579800246,-0.0236294381250471,-0.07805348564216527,0.015612108910777564,0.048466529239759776,0.008877571291154664,-0.005716782873234898,0.004650091362786057,-0.004168123995589537,0.004600077338159586
-0.1740689831954371,-0.022755770112252646,8.873251856537576e-05,-0.06240961330045297,-0.20154945618692818,0.12120501171589772,-0.16211769571194662,-0.0024546571285114713,0.001721644833663499,-0.0018425463190564258,-0.0022097629695715625,-0.03083368281285869,0.03302666999635326,-0.056479658242001476,0.004176010274050512,-0.002199105379044707,0.0018694016439961148,-0.0019401542840682302,0.0026772057044886777,-0.008530551002234937,-0.02854382891073627,0.0056139053681249634,0.017980849661961285,0.00331585225022896,-0.002134844704960953,0.0017359124697543492,-0.0015551626500856014,0.001714919387136058
-0.06385846337887288,-0.008371479303143163,3.255550775295435e-05,-0.022766013467182798,-0.07414586029976492,0.044589502976720465,-0.05964140351983602,-0.0009031568851184772,0.00063315632009506,-0.0006770329727085701,-0.0007209841070341134,-0.01131504930222233,0.012129930065944,-0.020755460612535682,0.001544737404701341,-0.000813471012938485,0.0006915180373155546,-0.0007176969727611445,0.000990346417873527,-0.0031159613589784706,-0.010477522047144753,0.002047654833055749,0.006635279107044912,0.001226613858642562,-0.0007896739118531879,0.0006420306867702464,-0.0005750693979027406,0.0006339560843892206
-0.023468101072715755,-0.0030797070523287838,1.1964669343926797e-05,-0.008348951773314794,-0.027276726592318227,0.01640364928753313,-0.02194106461843917,-0.0003322716602501279,0.00023289788903943357,-0.0002489578480402478,-0.0002527563639680777,-0.0041587747873493425,0.004459653875976327,-0.007632491463991052,0.000569424311759506,-0.0002998641162936342,0.000254910486868056,-0.0002645615646844359,0.0003650673315931394,-0.0011432717207527012,-0.003851324892710387,0.000750906991931082,0.002443759203838683,0.0004521644102122454,-0.0002910884025001723,0.00023665371992127524,-0.0002119567642310482,0.00023363561399421012
-0.008630166658206609,-0.001132962447724792,4.399954020844511e-06,-0.0030678599205784893,-0.010034545164654953,0.006034577074973406,-0.008071696000379528,-0.00012223845832940328,8.567464780937265e-05,-9.157176136066747e-05,-9.129325490223809e-05,-0.001529413278828836,0.0016402496165055403,-0.0028074282871184348,0.0002096348017887003,-0.00011039572831821791,9.384607728723149e-05,-9.73992702260275e-05,0.00013440084446888286,-0.0004201758463298334,-0.0014163980432875768,0.00027592056550098775,0.0008993846615330432,0.00016646632175969288,-0.00010716444718639911,8.712283154634887e-05,-7.802876343325813e-05,8.60060854337102e-05
-0.0031744189006216424,-0.00041679379657204275,1.6184358157232963e-06,-0.0011281223284370667,-0.0036915026142314645,0.002219998423805019,-0.002969414986636107,-4.496936025343988e-05,3.151744105015457e-05,-3.3685376925452534e-05,-3.335602290727456e-05,-0.0005625700621873404,0.0006033646552493772,-0.0010327398642713402,7.714135438047014e-05,-4.062340206752841e-05,3.453348321117821e-05,-3.584100339157841e-05,4.945685333702617e-05,-0.00015451848872934841,-0.0005210061630811181,0.0001014618256990018,0.00033091600509367364,6.125636585053578e-05,-3.943429085442312e-05,3.2059197768211664e-05,-2.871251767949546e-05,3.1647497249818134e-05
-0.0011677436306459581,-0.00015332989644682157,5.953599201526181e-07,-0.0004149480088563391,-0.001358027883839064,0.0008166919932532816,-0.0010923872631654042,-1.6543349744665758e-05,1.1594550858674211e-05,-1.2391888106270203e-05,-1.224001392894554e-05,-0.00020694853459317866,0.00022195875836086805,-0.0003799162814590947,2.8381563301169312e-05,-1.4946014468605244e-05,1.2705436227256365e-05,-1.318649657701515e-05,1.8195992870681e-05,-5.6836653308941324e-05,-0.0001916596659459136,3.7319808205905154e-05,0.00012174408102413905,2.2537235218293334e-05,-1.450851221027676e-05,1.1795070050626125e-05,-1.0563738336475841e-05,1.164349579894786e-05
-0.00042958077823475793,-5.64069203294544e-05,2.1901670346000503e-07,-0.00015264204412153106,-0.0004995905342358174,0.0003004442229905185,-0.0004018668886099141,-6.085964569115437e-06,4.265387722340088e-06,-4.558684393466601e-06,-4.498656422868085e-06,-7.613083561755165e-05,8.165315804946486e-05,-0.00013976237661120455,1.044137867657386e-05,-5.498534459037398e-06,4.674241702774829e-06,-4.851220757605194e-06,6.694179803444202e-06,-2.090801817779019e-05,-7.050659648750397e-05,1.3728390128936536e-05,4.478807642878339e-05,8.291293739749557e-06,-5.337579241860155e-06,4.339319456353469e-06,-3.886316597215624e-06,4.283542422717592e-06
-0.0001580328409450115,-2.0750946830606455e-05,8.057120503372818e-08,-5.6152679264417365e-05,-0.00018378908590246224,0.00011052725676765043,-0.00014783857624422,-2.238902098650992e-06,1.569147210892732e-06,-1.6770413303375096e-06,-1.6543957307837386e-06,-2.8006796621983727e-05,3.003839554616933e-05,-5.141556794830107e-05,3.841220660991059e-06,-2.022825258424501e-06,1.7195808283126127e-06,-1.7846887100955436e-06,2.46268470402713e-06,-7.691492256640555e-06,-2.5937784627102734e-05,5.050284211718244e-06,1.647673865238586e-05,3.0502382238383266e-06,-1.9636121780262047e-06,1.5963674854632273e-06,-1.4297141727725756e-06,1.5758460984948307e-06
-5.81368849275676e-05,-7.633846791679478e-06,2.9640417134949365e-08,-2.065725513356997e-05,-6.761222612762607e-05,4.066070598312497e-05,-5.4386774143583334e-05,-8.236461684601445e-07,5.772568311345666e-07,-6.169483592953034e-07,-6.08541376282967e-07,-1.0303101325794529e-05,1.1050491574096645e-05,-1.8914711855714476e-05,1.4131131623244087e-06,-7.441595439295178e-07,6.326016014116257e-07,-6.565535778995509e-07,9.059756171315894e-07,-2.8295232255332645e-06,-9.541958403095195e-06,1.8578810797982025e-06,6.0614704769317595e-06,1.1221255789308486e-06,-7.223761383883147e-07,5.872736298144116e-07,-5.259649133106637e-07,5.797239407009424e-07
-2.1387344670231514e-05,-2.80833530088861e-06,1.0904090245472251e-08,-7.59935766746902e-06,-2.487314795231501e-05,1.4958237866320157e-05,-2.0007776259206356e-05,-3.0300250782409846e-07,2.1236089772872997e-07,-2.2696252723116802e-07,-2.2385946756133182e-07,-3.7902959960480414e-06,4.065246419332899e-06,-6.958331117140157e-06,5.198562348867022e-07,-2.7376150038466003e-07,2.327215522579977e-07,-2.415330089440352e-07,3.332904187769482e-07,-1.0409208993219345e-06,-3.5102877115845655e-06,6.834742702236687e-07,2.2298926817994776e-06,4.128076949745282e-07,-2.657478156486582e-07,2.1604628064433128e-07,-1.9349201163631387e-07,2.132688656108957e-07
