R	0.0	30.0	60.0	90.0	120.0	150.0	180.0
2.0	17970.861757	11417.611644	4807.298308	2812.618271	4388.366336	29553.077366	202022.397053
2.1	11875.923026	7555.685349	3129.033188	1786.89381	2985.754175	21624.953012	110168.733483
2.2	7766.350364	4931.641609	2000.101852	1097.249369	1970.401244	15527.176793	64778.771432
2.3	5020.728703	3173.976242	1249.694507	640.831141	1248.557319	10949.091277	39960.306282
2.4	3206.100879	2011.495298	756.592726	344.464565	745.527501	7582.62926	25337.711525
2.5	2018.811958	1250.651311	436.812048	156.633982	403.099627	5152.423185	16276.160695
2.6	1248.442399	757.22381	232.939689	41.455684	176.631496	3425.788845	10478.029873
2.7	752.385366	440.444018	105.962783	-25.808456	32.422986	2216.000484	6697.6494
2.8	435.886987	239.835286	29.485609	-62.035156	-54.551591	1379.576509	4215.782923
2.9	236.612881	115.284065	-14.255895	-78.606913	-102.596055	809.851197	2591.377888
3.0	113.60628	40.210308	-37.122835	-83.102804	-124.882484	429.161963	1535.745176
3.1	39.915191	-2.981866	-46.977865	-80.499625	-130.730446	181.292485	851.925982
3.2	-2.190907	-25.90523	-48.998613	-74.018867	-126.601074	25.548941	408.493135
3.3	-24.347013	-36.205186	-46.570498	-65.712892	-116.871199	-67.432341	122.633253
3.4	-34.168042	-38.904383	-41.880305	-56.863735	-104.42714	-118.571419	-56.324801
3.5	-36.627951	-37.290665	-36.30685	-48.24691	-91.113791	-142.508926	-161.166654
3.6	-34.962383	-33.492378	-30.68141	-40.303822	-78.064517	-149.306068	-215.344593
3.7	-31.249927	-28.849944	-25.465373	-33.25459	-65.933404	-145.77151	-236.372911
3.8	-26.786897	-24.16424	-20.876098	-27.173531	-55.056909	-136.434384	-236.925622
3.9	-22.336078	-19.868727	-16.97671	-22.041432	-45.5629	-124.230611	-225.637717
4.0	-18.299924	-16.154466	-13.740027	-17.782928	-37.445387	-110.986856	-208.093562
4.1	-14.846073	-13.062417	-11.092924	-14.293456	-30.617295	-97.776012	-187.78451
4.2	-11.999259	-10.549554	-8.94492	-11.458316	-24.946537	-85.182335	-166.83027
4.3	-9.70688	-8.534403	-7.205652	-9.165388	-20.282226	-73.495834	-146.454595
4.4	-7.883026	-6.925383	-5.793825	-7.312801	-16.471623	-62.842417	-127.300346
4.5	-6.435521	-5.6368	-4.641056	-5.812711	-13.371425	-53.263467	-109.654354
4.6	-5.280365	-4.595856	-3.692186	-4.592314	-10.853513	-44.75649	-93.609858
4.7	-4.347739	-3.744492	-2.904081	-3.59307	-8.807709	-37.293784	-79.172321
4.8	-3.582942	-3.038194	-2.243561	-2.768927	-7.141702	-30.828568	-66.314993
4.9	-2.944813	-2.44374	-1.685371	-2.084173	-5.779911	-25.298097	-54.998021
5.0	-2.403199	-1.936682	-1.210251	-1.511295	-4.661295	-20.625827	-45.168018
5.1	-1.936372	-1.499121	-0.803443	-1.02908	-3.737165	-16.725262	-36.751988
5.2	-1.528798	-1.117923	-0.453468	-0.621065	-2.968945	-13.504225	-29.653709
5.3	-1.169375	-0.783351	-0.151261	-0.274315	-2.326158	-10.869377	-23.755159
5.4	-0.850104	-0.4881	0.110455	0.021449	-1.784782	-8.730498	-18.92227
5.5	-0.565119	-0.226551	0.337624	0.274519	-1.325859	-7.003634	-15.012964
5.6	-0.310008	0.005694	0.535139	0.491646	-0.934395	-5.613419	-11.885368
5.7	-0.081322	0.212197	0.707117	0.678393	-0.598501	-4.494215	-9.404833
5.8	0.123728	0.395901	0.857003	0.839345	-0.308715	-3.590506	-7.449032
5.9	0.307494	0.559314	0.987727	0.978326	-0.057474	-2.856472	-5.910966
6.0	0.47202	0.70459	1.101776	1.098519	0.1613	-2.255202	-4.700148
6.2	0.750465	0.948124	1.288074	1.292767	0.520176	-1.340828	-2.978099
6.4	0.971698	1.139335	1.429538	1.438661	0.797348	-0.68531	-1.856303
6.6	1.146243	1.288483	1.536319	1.548014	1.012905	-0.194949	-1.082963
6.8	1.282869	1.403849	1.616041	1.629348	1.181028	0.183586	-0.518611
7.0	1.388804	1.492088	1.674495	1.688932	1.312057	0.481493	-0.088235
7.2	1.46995	1.558534	1.716134	1.731456	1.413732	0.718262	0.249161
7.4	1.531101	1.607469	1.744405	1.760486	1.491974	0.907118	0.517525
7.6	1.576116	1.642315	1.762016	1.77877	1.551376	1.057699	0.732273
7.8	1.608102	1.665817	1.771092	1.78845	1.595555	1.1774	0.904322
8.0	1.629562	1.680163	1.773335	1.79123	1.627382	1.272024	1.041928
8.2	1.642512	1.687131	1.770088	1.788458	1.649153	1.346214	1.151569
8.4	1.648581	1.688141	1.762448	1.781223	1.662721	1.403703	1.238417
8.6	1.649085	1.684351	1.751287	1.770398	1.669586	1.447508	1.306636
8.8	1.645088	1.676693	1.737325	1.756704	1.670973	1.480079	1.359584
9.0	1.637463	1.665929	1.72114	1.740716	1.667879	1.503403	1.399996
9.5	1.606861	1.629234	1.673841	1.693661	1.645595	1.531244	1.459739
10.0	1.56567	1.583736	1.620743	1.640484	1.60947	1.529183	1.478906
10.5	1.518805	1.533742	1.565133	1.58455	1.565404	1.508684	1.472853
11.0	1.469309	1.481909	1.509035	1.527956	1.517131	1.476982	1.45117
11.5	1.419072	1.429891	1.453693	1.47199	1.467038	1.438693	1.419958
12.0	1.369267	1.378696	1.399841	1.417448	1.416644	1.39681	1.383149
12.5	1.320608	1.328928	1.347912	1.364785	1.366906	1.353275	1.343296
13.0	1.273514	1.280941	1.298125	1.31425	1.318423	1.309346	1.302073
13.5	1.228222	1.234906	1.250577	1.265957	1.271551	1.265843	1.26058
14.0	1.184837	1.190904	1.205282	1.219926	1.226487	1.223274	1.219518
14.5	1.143396	1.14894	1.162192	1.176127	1.183318	1.181972	1.17935
15.0	1.103873	1.10897	1.121241	1.134492	1.142073	1.142116	1.140351
16.0	1.030369	1.034731	1.045371	1.057349	1.065222	1.067064	1.066458
17.0	0.96373	0.967529	0.976858	0.987694	0.995469	0.99829	0.99836
18.0	0.903275	0.906621	0.914878	0.924696	0.932175	0.935491	0.935954
19.0	0.848322	0.851299	0.858663	0.86758	0.874674	0.878196	0.878884
20.0	0.798404	0.801025	0.807531	0.815646	0.822311	0.825881	0.826689
21.0	0.752931	0.755185	0.76082	0.76828	0.774473	0.778243	0.779239
22.0	0.710888	0.712961	0.718123	0.724762	0.730706	0.734416	0.735463
23.0	0.672264	0.674177	0.678918	0.685037	0.690555	0.694052	0.69505
24.0	0.636678	0.638449	0.642814	0.648462	0.653594	0.656881	0.657826
25.0	0.603798	0.605442	0.609472	0.614695	0.61947	0.62256	0.62345
50.0	0.202078	0.202571	0.203544	0.204831	0.206062	0.206926	0.207097
100.0	-0.001223	-0.001005	-0.000775	-0.000463	-0.000163	5.5e-05	-0.0
