R	Gamma	E
2.00	0	17970.861757
2.00	5	17719.417171
2.00	10	16995.443936
2.00	15	15882.967597
2.00	20	14499.481614
2.00	25	12972.156716
2.00	30	11417.611644
2.00	35	9928.225221
2.00	40	8567.414652
2.00	45	7370.552983
2.00	50	6349.895932
2.00	55	5500.629715
2.00	60	4807.298308
2.00	65	4249.04706
2.00	70	3803.790912
2.00	75	3451.131373
2.00	80	3174.629947
2.00	85	2963.23429
2.00	90	2812.618271
2.00	95	2726.925426
2.00	100	2720.838521
2.00	105	2822.864402
2.00	110	3080.026621
2.00	115	3565.258752
2.00	120	4388.366336
2.00	125	5708.986482
2.00	130	7747.26655
2.00	135	10788.494744
2.00	140	15181.752951
2.00	145	21317.600722
2.00	150	29553.077366
2.00	155	40172.77275
2.00	160	53911.55655
2.00	165	73975.251525
2.00	170	108974.155908
2.00	175	165101.660461
2.00	180	202022.397053
2.10	0	11875.923026
2.10	5	11712.048509
2.10	10	11239.416273
2.10	15	10510.420137
2.10	20	9599.563
2.10	25	8589.086314
2.10	30	7555.685349
2.10	35	6561.762387
2.10	40	5651.099125
2.10	45	4848.785197
2.10	50	4164.032564
2.10	55	3594.197219
2.10	60	3129.033188
2.10	65	2754.415987
2.10	70	2455.32054
2.10	75	2218.005553
2.10	80	2031.438189
2.10	85	1888.482135
2.10	90	1786.89381
2.10	95	1730.536328
2.10	100	1731.117035
2.10	105	1810.631574
2.10	110	2004.967137
2.10	115	2369.251999
2.10	120	2985.754175
2.10	125	3974.040598
2.10	130	5499.071733
2.10	135	7771.752914
2.10	140	11041.678969
2.10	145	15579.340332
2.10	150	21624.953012
2.10	155	29336.990926
2.10	160	39050.765915
2.10	165	52171.783419
2.10	170	71575.23226
2.10	175	96476.522077
2.10	180	110168.733483
2.20	0	7766.350364
2.20	5	7659.544839
2.20	10	7351.097377
2.20	15	6874.393628
2.20	20	6277.222832
2.20	25	5612.847612
2.20	30	4931.641609
2.20	35	4275.072578
2.20	40	3672.513442
2.20	45	3141.090482
2.20	50	2687.170414
2.20	55	2309.123725
2.20	60	2000.101852
2.20	65	1750.695202
2.20	70	1550.859941
2.20	75	1391.44061
2.20	80	1265.173435
2.20	85	1167.483631
2.20	90	1097.249369
2.20	95	1057.764281
2.20	100	1058.04885
2.20	105	1114.7909
2.20	110	1255.025614
2.20	115	1519.938061
2.20	120	1970.401244
2.20	125	2694.364268
2.20	130	3813.084565
2.20	135	5480.332381
2.20	140	7871.822951
2.20	145	11168.934672
2.20	150	15527.176793
2.20	155	21029.677525
2.20	160	27778.009603
2.20	165	36253.554156
2.20	170	47182.286859
2.20	175	59019.301624
2.20	180	64778.771432
2.30	0	5020.728703
2.30	5	4951.405667
2.30	10	4751.110189
2.30	15	4441.199569
2.30	20	4052.351245
2.30	25	3619.011207
2.30	30	3173.976242
2.30	35	2744.355693
2.30	40	2349.552462
2.30	45	2000.867788
2.30	50	1702.592712
2.30	55	1453.682033
2.30	60	1249.694507
2.30	65	1084.421683
2.30	70	951.26748
2.30	75	844.170526
2.30	80	758.319115
2.30	85	690.732293
2.30	90	640.831141
2.30	95	611.187143
2.30	100	608.557363
2.30	105	645.342556
2.30	110	741.602265
2.30	115	927.800273
2.30	120	1248.557319
2.30	125	1767.662303
2.30	130	2572.813898
2.30	135	3774.696561
2.30	140	5496.176993
2.30	145	7855.860277
2.30	150	10949.091277
2.30	155	14816.331404
2.30	160	19450.211724
2.30	165	24921.764332
2.30	170	31241.972842
2.30	175	37272.280305
2.30	180	39960.306282
2.40	0	3206.100879
2.40	5	3161.389947
2.40	10	3032.125773
2.40	15	2831.974212
2.40	20	2580.576896
2.40	25	2300.030451
2.40	30	2011.495298
2.40	35	1732.52103
2.40	40	1475.704665
2.40	45	1248.46304
2.40	50	1053.637571
2.40	55	890.634245
2.40	60	756.592726
2.40	65	647.488491
2.40	70	558.977899
2.40	75	487.014989
2.40	80	428.353892
2.40	85	380.95992
2.40	90	344.464565
2.40	95	320.761434
2.40	100	314.77119
2.40	105	335.540965
2.40	110	397.725382
2.40	115	523.577469
2.40	120	745.527501
2.40	125	1109.436017
2.40	130	1677.841604
2.40	135	2529.566289
2.40	140	3750.394209
2.40	145	5416.934749
2.40	150	7582.62926
2.40	155	10262.093592
2.40	160	13412.736127
2.40	165	16958.596189
2.40	170	20716.744382
2.40	175	23974.391037
2.40	180	25337.711525
2.50	0	2018.811958
2.50	5	1990.131033
2.50	10	1907.208059
2.50	15	1778.692343
2.50	20	1617.126069
2.50	25	1436.607592
2.50	30	1250.651311
2.50	35	1070.553612
2.50	40	904.443123
2.50	45	757.153016
2.50	50	630.590582
2.50	55	524.418198
2.50	60	436.812048
2.50	65	365.146181
2.50	70	306.516725
2.50	75	258.179907
2.50	80	217.870651
2.50	85	184.120719
2.50	90	156.633982
2.50	95	136.722855
2.50	100	127.902073
2.50	105	136.659265
2.50	110	173.541017
2.50	115	254.580905
2.50	120	403.099627
2.50	125	651.830733
2.50	130	1044.927523
2.50	135	1637.869274
2.50	140	2490.683203
2.50	145	3653.305626
2.50	150	5152.423185
2.50	155	6984.901019
2.50	160	9104.380484
2.50	165	11407.4271
2.50	170	13697.020477
2.50	175	15540.65506
2.50	180	16276.160695
2.60	0	1248.442399
2.60	5	1230.147578
2.60	10	1177.2253
2.60	15	1095.164767
2.60	20	991.898939
2.60	25	876.384602
2.60	30	757.22381
2.60	35	641.634689
2.60	40	534.849003
2.60	45	440.006699
2.60	50	358.36961
2.60	55	289.743735
2.60	60	232.939689
2.60	65	186.206919
2.60	70	147.571108
2.60	75	115.115954
2.60	80	87.211119
2.60	85	62.755127
2.60	90	41.455684
2.60	95	24.179972
2.60	100	13.386267
2.60	105	13.675313
2.60	110	32.529126
2.60	115	81.327073
2.60	120	176.631496
2.60	125	341.599344
2.60	130	607.165646
2.60	135	1011.95993
2.60	140	1597.876879
2.60	145	2398.495339
2.60	150	3425.788845
2.60	155	4665.6232
2.60	160	6074.854516
2.60	165	7565.911947
2.60	170	8982.467923
2.60	175	10062.717261
2.60	180	10478.029873
2.70	0	752.385366
2.70	5	740.787456
2.70	10	707.236125
2.70	15	655.183108
2.70	20	589.630524
2.70	25	516.232979
2.70	30	440.444018
2.70	35	366.854203
2.70	40	298.808481
2.70	45	238.328698
2.70	50	186.227647
2.70	55	142.373119
2.70	60	105.962783
2.70	65	75.797287
2.70	70	50.499039
2.70	75	28.696176
2.70	80	9.187688
2.70	85	-8.882732
2.70	90	-25.808456
2.70	95	-41.05462
2.70	100	-52.933005
2.70	105	-58.220144
2.70	110	-51.664854
2.70	115	-25.309425
2.70	120	32.422986
2.70	125	137.723511
2.70	130	312.106584
2.70	135	582.199946
2.70	140	976.972095
2.70	145	1519.710823
2.70	150	2216.000484
2.70	155	3047.628585
2.70	160	3974.807002
2.70	165	4931.738516
2.70	170	5811.093576
2.70	175	6456.220763
2.70	180	6697.6494
2.80	0	435.886987
2.80	5	428.607409
2.80	10	407.538347
2.80	15	374.84337
2.80	20	333.647353
2.80	25	287.50002
2.80	30	239.835286
2.80	35	193.547142
2.80	40	150.758229
2.80	45	112.744792
2.80	50	80.015739
2.80	55	52.45086
2.80	60	29.485609
2.80	65	10.271513
2.80	70	-6.175379
2.80	75	-20.857099
2.80	80	-34.675896
2.80	85	-48.305946
2.80	90	-62.035156
2.80	95	-75.561276
2.80	100	-87.753278
2.80	105	-96.379187
2.80	110	-97.791202
2.80	115	-86.497887
2.80	120	-54.551591
2.80	125	9.175886
2.80	130	119.489707
2.80	135	294.58587
2.80	140	554.232773
2.80	145	914.68726
2.80	150	1379.576509
2.80	155	1932.29482
2.80	160	2537.660826
2.80	165	3145.836955
2.80	170	3687.990291
2.80	175	4074.135081
2.80	180	4215.782923
2.90	0	236.612881
2.90	5	232.106872
2.90	10	219.068332
2.90	15	198.827733
2.90	20	173.32537
2.90	25	144.765092
2.90	30	115.284065
2.90	35	86.689499
2.90	40	60.304967
2.90	45	36.919979
2.90	50	16.827838
2.90	55	-0.090551
2.90	60	-14.255895
2.90	65	-26.285786
2.90	70	-36.901344
2.90	75	-46.844551
2.90	80	-56.798688
2.90	85	-67.297234
2.90	90	-78.606913
2.90	95	-90.582276
2.90	100	-102.487259
2.90	105	-112.802534
2.90	110	-119.021565
2.90	115	-117.403033
2.90	120	-102.596055
2.90	125	-67.124053
2.90	130	-0.979127
2.90	135	108.156722
2.90	140	273.581511
2.90	145	506.454738
2.90	150	809.851197
2.90	155	1171.769934
2.90	160	1563.994376
2.90	165	1948.121226
2.90	170	2279.579809
2.90	175	2508.771808
2.90	180	2591.377888
3.00	0	113.60628
3.00	5	110.875439
3.00	10	102.972066
3.00	15	90.708583
3.00	20	75.266868
3.00	25	57.997312
3.00	30	40.210308
3.00	35	23.01514
3.00	40	7.218219
3.00	45	-6.71173
3.00	50	-18.628539
3.00	55	-28.656089
3.00	60	-37.122835
3.00	65	-44.492735
3.00	70	-51.303875
3.00	75	-58.111219
3.00	80	-65.432375
3.00	85	-73.684091
3.00	90	-83.102804
3.00	95	-93.640489
3.00	100	-104.837988
3.00	105	-115.684864
3.00	110	-124.486335
3.00	115	-128.729058
3.00	120	-124.882484
3.00	125	-108.066032
3.00	130	-71.700538
3.00	135	-7.58678
3.00	140	93.115839
3.00	145	237.850639
3.00	150	429.161963
3.00	155	659.774575
3.00	160	909.841759
3.00	165	1150.844037
3.00	170	1352.679184
3.00	175	1487.945526
3.00	180	1535.745176
3.10	0	39.915191
3.10	5	38.309574
3.10	10	33.666258
3.10	15	26.469064
3.10	20	17.426271
3.10	25	7.346921
3.10	30	-2.981866
3.10	35	-12.897685
3.10	40	-21.928025
3.10	45	-29.814948
3.10	50	-36.50996
3.10	55	-42.142314
3.10	60	-46.977865
3.10	65	-51.373694
3.10	70	-55.735609
3.10	75	-60.479731
3.10	80	-65.995072
3.10	85	-72.601851
3.10	90	-80.499625
3.10	95	-89.697751
3.10	100	-99.927142
3.10	105	-110.540269
3.10	110	-120.419594
3.10	115	-127.908936
3.10	120	-130.730446
3.10	125	-125.80579
3.10	130	-108.984139
3.10	135	-74.977116
3.10	140	-17.992665
3.10	145	66.818433
3.10	150	181.292485
3.10	155	321.473277
3.10	160	475.128493
3.10	165	623.031978
3.10	170	744.792516
3.10	175	824.332367
3.10	180	851.925982
3.20	0	-2.190907
3.20	5	-3.090165
3.20	10	-5.687962
3.20	15	-9.702521
3.20	20	-14.721589
3.20	25	-20.274597
3.20	30	-25.90523
3.20	35	-31.235677
3.20	40	-36.007211
3.20	45	-40.099645
3.20	50	-43.527064
3.20	55	-46.420169
3.20	60	-48.998613
3.20	65	-51.540087
3.20	70	-54.351687
3.20	75	-57.743487
3.20	80	-62.004233
3.20	85	-67.375247
3.20	90	-74.018867
3.20	95	-81.975368
3.20	100	-91.104364
3.20	105	-101.015024
3.20	110	-111.00171
3.20	115	-120.006204
3.20	120	-126.601074
3.20	125	-128.924035
3.20	130	-124.502378
3.20	135	-110.1069
3.20	140	-82.057375
3.20	145	-37.23708
3.20	150	25.548941
3.20	155	104.178549
3.20	160	191.872232
3.20	165	277.246816
3.20	170	347.521382
3.20	175	392.922978
3.20	180	408.493135
3.30	0	-24.347013
3.30	5	-24.810284
3.30	10	-26.144017
3.30	15	-28.19114
3.30	20	-30.722347
3.30	25	-33.476569
3.30	30	-36.205186
3.30	35	-38.709773
3.30	40	-40.868165
3.30	45	-42.64606
3.30	50	-44.095864
3.30	55	-45.343536
3.30	60	-46.570498
3.30	65	-47.992771
3.30	70	-49.841218
3.30	75	-52.344314
3.30	80	-55.712952
3.30	85	-60.126025
3.30	90	-65.712892
3.30	95	-72.528802
3.30	100	-80.519484
3.30	105	-89.474101
3.30	110	-98.979201
3.30	115	-108.396219
3.30	120	-116.871199
3.30	125	-123.34018
3.30	130	-126.447159
3.30	135	-124.390707
3.30	140	-114.981907
3.30	145	-96.252809
3.30	150	-67.432341
3.30	155	-29.690808
3.30	160	13.466966
3.30	165	56.228318
3.30	170	91.782895
3.30	175	114.774689
3.30	180	122.633253
3.40	0	-34.168042
3.40	5	-34.368353
3.40	10	-34.940197
3.40	15	-35.802153
3.40	20	-36.836089
3.40	25	-37.910311
3.40	30	-38.904383
3.40	35	-39.731151
3.40	40	-40.352719
3.40	45	-40.786264
3.40	50	-41.102755
3.40	55	-41.418092
3.40	60	-41.880305
3.40	65	-42.655487
3.40	70	-43.914968
3.40	75	-45.824662
3.40	80	-48.53673
3.40	85	-52.182227
3.40	90	-56.863735
3.40	95	-62.64317
3.40	100	-69.522484
3.40	105	-77.414681
3.40	110	-86.112735
3.40	115	-95.272123
3.40	120	-104.42714
3.40	125	-113.027426
3.40	130	-120.426696
3.40	135	-125.771003
3.40	140	-127.918455
3.40	145	-125.701107
3.40	150	-118.571419
3.40	155	-107.110041
3.40	160	-92.986406
3.40	165	-78.615214
3.40	170	-66.61074
3.40	175	-58.921364
3.40	180	-56.324801
3.50	0	-36.627951
3.50	5	-36.675988
3.50	10	-36.807429
3.50	15	-36.985842
3.50	20	-37.160019
3.50	25	-37.276025
3.50	30	-37.290665
3.50	35	-37.183563
3.50	40	-36.965302
3.50	45	-36.680468
3.50	50	-36.405282
3.50	55	-36.241379
3.50	60	-36.30685
3.50	65	-36.727374
3.50	70	-37.628135
3.50	75	-39.128114
3.50	80	-41.336017
3.50	85	-44.34831
3.50	90	-48.24691
3.50	95	-53.095948
3.50	100	-58.932895
3.50	105	-65.753971
3.50	110	-73.494033
3.50	115	-82.014252
3.50	120	-91.113791
3.50	125	-100.570797
3.50	130	-110.169471
3.50	135	-119.644027
3.50	140	-128.556223
3.50	145	-136.31548
3.50	150	-142.508926
3.50	155	-147.263232
3.50	160	-151.143377
3.50	165	-154.651504
3.50	170	-157.84096
3.50	175	-160.246889
3.50	180	-161.166654
3.60	0	-34.962383
3.60	5	-34.928598
3.60	10	-34.823841
3.60	15	-34.637878
3.60	20	-34.358295
3.60	25	-33.976109
3.60	30	-33.492378
3.60	35	-32.92369
3.60	40	-32.305842
3.60	45	-31.694315
3.60	50	-31.161743
3.60	55	-30.79343
3.60	60	-30.68141
3.60	65	-30.919035
3.60	70	-31.596708
3.60	75	-32.79895
3.60	80	-34.603806
3.60	85	-37.083053
3.60	90	-40.303822
3.60	95	-44.329476
3.60	100	-49.218765
3.60	105	-55.020584
3.60	110	-61.76447
3.60	115	-69.45221
3.60	120	-78.064517
3.60	125	-87.591315
3.60	130	-98.069717
3.60	135	-109.568893
3.60	140	-122.083229
3.60	145	-135.427196
3.60	150	-149.306068
3.60	155	-163.508849
3.60	160	-177.852717
3.60	165	-191.751108
3.60	170	-203.863338
3.60	175	-212.299343
3.60	180	-215.344593
3.70	0	-31.249927
3.70	5	-31.178109
3.70	10	-30.964228
3.70	15	-30.612431
3.70	20	-30.131277
3.70	25	-29.535837
3.70	30	-28.849944
3.70	35	-28.107966
3.70	40	-27.355679
3.70	45	-26.649041
3.70	50	-26.052298
3.70	55	-25.634296
3.70	60	-25.465373
3.70	65	-25.613871
3.70	70	-26.144587
3.70	75	-27.117898
3.70	80	-28.590488
3.70	85	-30.617356
3.70	90	-33.25459
3.70	95	-36.563368
3.70	100	-40.61297
3.70	105	-45.483068
3.70	110	-51.262097
3.70	115	-58.044541
3.70	120	-65.933404
3.70	125	-75.057656
3.70	130	-85.601663
3.70	135	-97.807518
3.70	140	-111.90123
3.70	145	-127.950136
3.70	150	-145.77151
3.70	155	-164.950744
3.70	160	-184.798212
3.70	165	-204.073605
3.70	170	-220.741539
3.70	175	-232.244702
3.70	180	-236.372911
3.80	0	-26.786897
3.80	5	-26.70313
3.80	10	-26.455989
3.80	15	-26.056349
3.80	20	-25.522703
3.80	25	-24.880946
3.80	30	-24.16424
3.80	35	-23.412811
3.80	40	-22.67292
3.80	45	-21.99558
3.80	50	-21.434467
3.80	55	-21.04374
3.80	60	-20.876098
3.80	65	-20.981521
3.80	70	-21.406574
3.80	75	-22.195068
3.80	80	-23.38935
3.80	85	-25.032812
3.80	90	-27.173531
3.80	95	-29.868793
3.80	100	-33.191305
3.80	105	-37.235245
3.80	110	-42.121793
3.80	115	-48.00163
3.80	120	-55.056909
3.80	125	-63.50785
3.80	130	-73.62561
3.80	135	-85.734138
3.80	140	-100.158085
3.80	145	-117.091267
3.80	150	-136.434384
3.80	155	-157.685544
3.80	160	-179.858153
3.80	165	-201.334305
3.80	170	-219.769553
3.80	175	-232.407165
3.80	180	-236.925622
3.90	0	-22.336078
3.90	5	-22.254838
3.90	10	-22.016031
3.90	15	-21.632976
3.90	20	-21.127306
3.90	25	-20.527711
3.90	30	-19.868727
3.90	35	-19.18945
3.90	40	-18.531877
3.90	45	-17.939425
3.90	50	-17.455274
3.90	55	-17.121251
3.90	60	-16.97671
3.90	65	-17.058286
3.90	70	-17.400094
3.90	75	-18.034855
3.90	80	-18.995401
3.90	85	-20.317112
3.90	90	-22.041432
3.90	95	-24.220988
3.90	100	-26.926447
3.90	105	-30.25572
3.90	110	-34.343719
3.90	115	-39.370013
3.90	120	-45.5629
3.90	125	-53.199656
3.90	130	-62.604213
3.90	135	-74.136157
3.90	140	-88.14555
3.90	145	-104.86346
3.90	150	-124.230611
3.90	155	-145.725021
3.90	160	-168.233906
3.90	165	-189.971285
3.90	170	-208.50966
3.90	175	-221.138664
3.90	180	-225.637717
4.00	0	-18.299924
4.00	5	-18.227995
4.00	10	-18.017168
4.00	15	-17.680532
4.00	20	-17.238995
4.00	25	-16.719741
4.00	30	-16.154466
4.00	35	-15.57772
4.00	40	-15.02513
4.00	45	-14.532108
4.00	50	-14.132685
4.00	55	-13.858808
4.00	60	-13.740027
4.00	65	-13.803746
4.00	70	-14.075741
4.00	75	-14.581349
4.00	80	-15.346945
4.00	85	-16.402156
4.00	90	-17.782928
4.00	95	-19.536312
4.00	100	-21.727841
4.00	105	-24.45171
4.00	110	-27.843352
4.00	115	-32.091501
4.00	120	-37.445387
4.00	125	-44.213134
4.00	130	-52.748895
4.00	135	-63.427373
4.00	140	-76.593307
4.00	145	-92.46596
4.00	150	-110.986856
4.00	155	-131.637954
4.00	160	-153.291016
4.00	165	-174.14757
4.00	170	-191.843146
4.00	175	-203.834939
4.00	180	-208.093562
4.10	0	-14.846073
4.10	5	-14.785665
4.10	10	-14.60885
4.10	15	-14.327289
4.10	20	-13.959371
4.10	25	-13.528733
4.10	30	-13.062417
4.10	35	-12.589229
4.10	40	-12.138218
4.10	45	-11.737554
4.10	50	-11.413783
4.10	55	-11.191381
4.10	60	-11.092924
4.10	65	-11.139483
4.10	70	-11.351292
4.10	75	-11.748801
4.10	80	-12.353888
4.10	85	-13.191761
4.10	90	-14.293456
4.10	95	-15.70029
4.10	100	-17.470644
4.10	105	-19.690637
4.10	110	-22.487853
4.10	115	-26.04636
4.10	120	-30.617295
4.10	125	-36.518557
4.10	130	-44.117481
4.10	135	-53.793804
4.10	140	-65.879438
4.10	145	-80.566529
4.10	150	-97.776012
4.10	155	-116.996191
4.10	160	-137.138721
4.10	165	-156.489651
4.10	170	-172.840625
4.10	175	-183.875734
4.10	180	-187.78451
4.20	0	-11.999259
4.20	5	-11.949924
4.20	10	-11.805717
4.20	15	-11.576351
4.20	20	-11.277087
4.20	25	-10.92745
4.20	30	-10.549554
4.20	35	-10.166627
4.20	40	-9.801838
4.20	45	-9.477379
4.20	50	-9.21388
4.20	55	-9.030503
4.20	60	-8.94492
4.20	65	-8.973896
4.20	70	-9.133928
4.20	75	-9.442062
4.20	80	-9.916891
4.20	85	-10.580068
4.20	90	-11.458316
4.20	95	-12.58716
4.20	100	-14.017225
4.20	105	-15.824234
4.20	110	-18.12297
4.20	115	-21.083894
4.20	120	-24.946537
4.20	125	-30.022084
4.20	130	-36.676257
4.20	135	-45.286622
4.20	140	-56.173219
4.20	145	-69.505297
4.20	150	-85.182335
4.20	155	-102.699499
4.20	160	-121.029378
4.20	165	-138.588207
4.20	170	-153.371529
4.20	175	-163.315152
4.20	180	-166.83027
4.30	0	-9.70688
4.30	5	-9.667001
4.30	10	-9.550497
4.30	15	-9.365132
4.30	20	-9.123253
4.30	25	-8.840462
4.30	30	-8.534403
4.30	35	-8.223539
4.30	40	-7.926223
4.30	45	-7.659955
4.30	50	-7.4411
4.30	55	-7.284894
4.30	60	-7.205652
4.30	65	-7.217163
4.30	70	-7.33332
4.30	75	-7.568692
4.30	80	-7.939372
4.30	85	-8.463972
4.30	90	-9.165388
4.30	95	-10.073786
4.30	100	-11.232003
4.30	105	-12.704643
4.30	110	-14.591556
4.30	115	-17.044424
4.30	120	-20.282226
4.30	125	-24.597152
4.30	130	-30.340485
4.30	135	-37.879708
4.30	140	-47.525495
4.30	145	-59.43422
4.30	150	-73.495834
4.30	155	-89.220167
4.30	160	-105.64834
4.30	165	-121.339994
4.30	170	-134.507555
4.30	175	-143.338298
4.30	180	-146.454595
4.40	0	-7.883026
4.40	5	-7.850599
4.40	10	-7.755916
4.40	15	-7.605074
4.40	20	-7.407858
4.40	25	-7.176645
4.40	30	-6.925383
4.40	35	-6.668783
4.40	40	-6.421426
4.40	45	-6.197359
4.40	50	-6.00984
4.40	55	-5.871357
4.40	60	-5.793825
4.40	65	-5.788988
4.40	70	-5.868759
4.40	75	-6.045857
4.40	80	-6.334262
4.40	85	-6.750067
4.40	90	-7.312801
4.40	95	-8.047765
4.40	100	-8.990639
4.40	105	-10.195271
4.40	110	-11.746018
4.40	115	-13.773676
4.40	120	-16.471623
4.40	125	-20.104756
4.40	130	-24.99945
4.40	135	-31.505034
4.40	140	-39.921798
4.40	145	-50.402387
4.40	150	-62.842417
4.40	155	-76.780529
4.40	160	-91.332348
4.40	165	-105.199981
4.40	170	-116.803386
4.40	175	-124.565232
4.40	180	-127.300346
4.50	0	-6.435521
4.50	5	-6.408698
4.50	10	-6.330335
4.50	15	-6.205261
4.50	20	-6.041191
4.50	25	-5.847987
4.50	30	-5.6368
4.50	35	-5.41944
4.50	40	-5.207756
4.50	45	-5.013268
4.50	50	-4.847028
4.50	55	-4.719543
4.50	60	-4.641056
4.50	65	-4.621732
4.50	70	-4.672037
4.50	75	-4.803112
4.50	80	-5.027171
4.50	85	-5.358177
4.50	90	-5.812711
4.50	95	-6.411916
4.50	100	-7.185099
4.50	105	-8.176385
4.50	110	-9.455342
4.50	115	-11.13173
4.50	120	-13.371425
4.50	125	-16.407129
4.50	130	-20.533134
4.50	135	-26.072722
4.50	140	-33.312036
4.50	145	-42.40431
4.50	150	-53.263467
4.50	155	-65.470955
4.50	160	-78.225431
4.50	165	-90.366373
4.50	170	-100.504184
4.50	175	-107.272341
4.50	180	-109.654354
4.60	0	-5.280365
4.60	5	-5.257598
4.60	10	-5.191068
4.60	15	-5.084609
4.60	20	-4.944428
4.60	25	-4.778475
4.60	30	-4.595856
4.60	35	-4.406279
4.60	40	-4.219612
4.60	45	-4.045571
4.60	50	-3.893592
4.60	55	-3.772806
4.60	60	-3.692186
4.60	65	-3.660711
4.60	70	-3.687634
4.60	75	-3.78278
4.60	80	-3.956885
4.60	85	-4.222019
4.60	90	-4.592314
4.60	95	-5.085371
4.60	100	-5.725121
4.60	105	-6.547186
4.60	110	-7.607875
4.60	115	-8.997119
4.60	120	-10.853513
4.60	125	-13.375925
4.60	130	-16.822183
4.60	135	-21.483499
4.60	140	-27.626424
4.60	145	-35.404554
4.60	150	-44.75649
4.60	155	-55.31748
4.60	160	-66.37641
4.60	165	-76.906476
4.60	170	-85.691617
4.60	175	-91.549694
4.60	180	-93.609858
4.70	0	-4.347739
4.70	5	-4.327872
4.70	10	-4.269794
4.70	15	-4.176603
4.70	20	-4.053431
4.70	25	-3.906849
4.70	30	-3.744492
4.70	35	-3.57455
4.70	40	-3.405472
4.70	45	-3.245695
4.70	50	-3.103489
4.70	55	-2.986954
4.70	60	-2.904081
4.70	65	-2.862882
4.70	70	-2.871628
4.70	75	-2.939014
4.70	80	-3.074469
4.70	85	-3.288465
4.70	90	-3.59307
4.70	95	-4.00297
4.70	100	-4.537647
4.70	105	-5.225575
4.70	110	-6.111615
4.70	115	-7.267959
4.70	120	-8.807709
4.70	125	-10.896444
4.70	130	-13.754131
4.70	135	-17.636006
4.70	140	-22.784063
4.70	145	-29.348649
4.70	150	-37.293784
4.70	155	-46.313321
4.70	160	-55.790893
4.70	165	-64.830447
4.70	170	-72.374936
4.70	175	-77.404203
4.70	180	-79.172321
4.80	0	-3.582942
4.80	5	-3.565151
4.80	10	-3.513143
4.80	15	-3.429499
4.80	20	-3.318554
4.80	25	-3.185942
4.80	30	-3.038194
4.80	35	-2.882452
4.80	40	-2.726141
4.80	45	-2.576735
4.80	50	-2.441659
4.80	55	-2.328195
4.80	60	-2.243561
4.80	65	-2.194988
4.80	70	-2.189872
4.80	75	-2.235966
4.80	80	-2.341557
4.80	85	-2.515764
4.80	90	-2.768927
4.80	95	-3.113332
4.80	100	-3.564875
4.80	105	-4.146211
4.80	110	-4.892609
4.80	115	-5.861028
4.80	120	-7.141702
4.80	125	-8.869344
4.80	130	-11.226825
4.80	135	-14.431936
4.80	140	-18.698423
4.80	145	-24.168579
4.80	150	-30.828568
4.80	155	-38.430166
4.80	160	-46.451171
4.80	165	-54.122608
4.80	170	-60.534475
4.80	175	-64.811144
4.80	180	-66.314993
4.90	0	-2.944813
4.90	5	-2.928567
4.90	10	-2.881042
4.90	15	-2.804477
4.90	20	-2.702648
4.90	25	-2.580479
4.90	30	-2.44374
4.90	35	-2.298793
4.90	40	-2.152293
4.90	45	-2.011008
4.90	50	-1.881667
4.90	55	-1.770929
4.90	60	-1.685371
4.90	65	-1.631541
4.90	70	-1.616106
4.90	75	-1.645979
4.90	80	-1.728487
4.90	85	-1.87159
4.90	90	-2.084173
4.90	95	-2.376605
4.90	100	-2.761883
4.90	105	-3.258024
4.90	110	-3.892544
4.90	115	-4.709628
4.90	120	-5.779911
4.90	125	-7.210483
4.90	130	-9.149737
4.90	135	-11.778798
4.90	140	-15.281078
4.90	145	-19.786562
4.90	150	-25.298097
4.90	155	-31.620192
4.90	160	-38.320418
4.90	165	-44.750036
4.90	170	-50.135862
4.90	175	-53.73265
4.90	180	-54.998021
5.00	0	-2.403199
5.00	5	-2.388152
5.00	10	-2.344128
5.00	15	-2.273111
5.00	20	-2.178457
5.00	25	-2.064581
5.00	30	-1.936682
5.00	35	-1.800526
5.00	40	-1.662174
5.00	45	-1.527818
5.00	50	-1.403655
5.00	55	-1.295791
5.00	60	-1.210251
5.00	65	-1.153022
5.00	70	-1.13012
5.00	75	-1.147741
5.00	80	-1.21237
5.00	85	-1.330995
5.00	90	-1.511295
5.00	95	-1.762071
5.00	100	-2.094026
5.00	105	-2.521547
5.00	110	-3.065946
5.00	115	-3.761098
5.00	120	-4.661295
5.00	125	-5.849861
5.00	130	-7.444393
5.00	135	-9.591696
5.00	140	-12.444903
5.00	145	-16.118444
5.00	150	-20.625827
5.00	155	-25.816984
5.00	160	-31.341075
5.00	165	-36.660477
5.00	170	-41.127705
5.00	175	-44.115962
5.00	180	-45.168018
5.10	0	-1.936372
5.10	5	-1.922319
5.10	10	-1.881213
5.10	15	-1.814832
5.10	20	-1.726227
5.10	25	-1.619402
5.10	30	-1.499121
5.10	35	-1.370666
5.10	40	-1.23961
5.10	45	-1.111684
5.10	50	-0.992602
5.10	55	-0.888009
5.10	60	-0.803443
5.10	65	-0.744386
5.10	70	-0.716299
5.10	75	-0.724744
5.10	80	-0.775505
5.10	85	-0.87472
5.10	90	-1.02908
5.10	95	-1.246094
5.10	100	-1.53467
5.10	105	-1.906344
5.10	110	-2.377627
5.10	115	-2.974218
5.10	120	-3.737165
5.10	125	-4.730008
5.10	130	-6.043783
5.10	135	-7.794566
5.10	140	-10.106648
5.10	145	-13.077238
5.10	150	-16.725262
5.10	155	-20.937692
5.10	160	-25.435027
5.10	165	-29.779382
5.10	170	-33.43718
5.10	175	-35.888244
5.10	180	-36.751988
5.20	0	-1.528798
5.20	5	-1.515626
5.20	10	-1.477106
5.20	15	-1.414853
5.20	20	-1.331662
5.20	25	-1.231226
5.20	30	-1.117923
5.20	35	-0.996631
5.20	40	-0.872519
5.20	45	-0.750888
5.20	50	-0.637035
5.20	55	-0.536191
5.20	60	-0.453468
5.20	65	-0.39389
5.20	70	-0.36242
5.20	75	-0.364097
5.20	80	-0.404069
5.20	85	-0.487779
5.20	90	-0.621065
5.20	95	-0.8104
5.20	100	-1.063264
5.20	105	-1.388979
5.20	110	-1.800373
5.20	115	-2.316837
5.20	120	-2.968945
5.20	125	-3.804199
5.20	130	-4.891532
5.20	135	-6.32042
5.20	140	-8.188936
5.20	145	-10.576794
5.20	150	-13.504225
5.20	155	-16.887156
5.20	160	-20.50633
5.20	165	-24.011125
5.20	170	-26.968609
5.20	175	-28.953609
5.20	180	-29.653709
5.30	0	-1.169375
5.30	5	-1.15702
5.30	10	-1.120902
5.30	15	-1.062499
5.30	20	-0.984394
5.30	25	-0.889992
5.30	30	-0.783351
5.30	35	-0.668989
5.30	40	-0.5517
5.30	45	-0.436406
5.30	50	-0.328029
5.30	55	-0.231406
5.30	60	-0.151261
5.30	65	-0.092209
5.30	70	-0.058788
5.30	75	-0.055548
5.30	80	-0.08712
5.30	85	-0.158324
5.30	90	-0.274315
5.30	95	-0.440693
5.30	100	-0.663797
5.30	105	-0.95125
5.30	110	-1.313084
5.30	115	-1.763882
5.30	120	-2.326158
5.30	125	-3.03477
5.30	130	-3.940725
5.30	135	-5.111257
5.30	140	-6.621601
5.30	145	-8.534751
5.30	150	-10.869377
5.30	155	-13.563261
5.30	160	-16.446667
5.30	165	-19.242874
5.30	170	-21.60625
5.30	175	-23.194526
5.30	180	-23.755159
5.40	0	-0.850104
5.40	5	-0.83853
5.40	10	-0.804707
5.40	15	-0.750003
5.40	20	-0.676796
5.40	25	-0.58824
5.40	30	-0.4881
5.40	35	-0.380559
5.40	40	-0.270073
5.40	45	-0.16121
5.40	50	-0.058533
5.40	55	0.033478
5.40	60	0.110455
5.40	65	0.168156
5.40	70	0.202428
5.40	75	0.209144
5.40	80	0.184132
5.40	85	0.123082
5.40	90	0.021449
5.40	95	-0.125665
5.40	100	-0.323686
5.40	105	-0.578919
5.40	110	-0.899277
5.40	115	-1.295756
5.40	120	-1.784782
5.40	125	-2.391484
5.40	130	-3.15276
5.40	135	-4.117788
5.40	140	-5.342566
5.40	145	-6.875009
5.40	150	-8.730498
5.40	155	-10.862759
5.40	160	-13.141674
5.40	165	-15.351764
5.40	170	-17.22104
5.40	175	-18.478277
5.40	180	-18.92227
5.50	0	-0.565119
5.50	5	-0.554299
5.50	10	-0.522705
5.50	15	-0.471588
5.50	20	-0.403148
5.50	25	-0.320309
5.50	30	-0.226551
5.50	35	-0.125761
5.50	40	-0.022062
5.50	45	0.080314
5.50	50	0.17713
5.50	55	0.264244
5.50	60	0.337624
5.50	65	0.393354
5.50	70	0.427639
5.50	75	0.436726
5.50	80	0.416841
5.50	85	0.364116
5.50	90	0.274519
5.50	95	0.143739
5.50	100	-0.032907
5.50	105	-0.260697
5.50	110	-0.545977
5.50	115	-0.897052
5.50	120	-1.325859
5.50	125	-1.850215
5.50	130	-2.496177
5.50	135	-3.298722
5.50	140	-4.298124
5.50	145	-5.529341
5.50	150	-7.003634
5.50	155	-8.686091
5.50	160	-10.477493
5.50	165	-12.211929
5.50	170	-13.678273
5.50	175	-14.664554
5.50	180	-15.012964
5.60	0	-0.310008
5.60	5	-0.299922
5.60	10	-0.27049
5.60	15	-0.222856
5.60	20	-0.159062
5.60	25	-0.081807
5.60	30	0.005694
5.60	35	0.099843
5.60	40	0.196825
5.60	45	0.292715
5.60	50	0.383607
5.60	55	0.465653
5.60	60	0.535139
5.60	65	0.588469
5.60	70	0.622157
5.60	75	0.632773
5.60	80	0.616897
5.60	85	0.571058
5.60	90	0.491646
5.60	95	0.374852
5.60	100	0.216601
5.60	105	0.01241
5.60	110	-0.242861
5.60	115	-0.555582
5.60	120	-0.934395
5.60	125	-1.391741
5.60	130	-1.945564
5.60	135	-2.619949
5.60	140	-3.44277
5.60	145	-4.438238
5.60	150	-5.613419
5.60	155	-6.941213
5.60	160	-8.346102
5.60	165	-9.701439
5.60	170	-10.845212
5.60	175	-11.61389
5.60	180	-11.885368
5.70	0	-0.081322
5.70	5	-0.071943
5.70	10	-0.044605
5.70	15	-0.000346
5.70	20	0.058945
5.70	25	0.130782
5.70	30	0.212197
5.70	35	0.299865
5.70	40	0.390257
5.70	45	0.479757
5.70	50	0.564742
5.70	55	0.641672
5.70	60	0.707117
5.70	65	0.757762
5.70	70	0.790407
5.70	75	0.801924
5.70	80	0.789201
5.70	85	0.749106
5.70	90	0.678393
5.70	95	0.573683
5.70	100	0.431393
5.70	105	0.247683
5.70	110	0.018317
5.70	115	-0.261658
5.70	120	-0.598501
5.70	125	-1.000802
5.70	130	-1.480574
5.70	135	-2.053754
5.70	140	-2.738748
5.70	145	-3.551148
5.70	150	-4.494215
5.70	155	-5.546156
5.70	160	-6.649243
5.70	165	-7.707332
5.70	170	-8.597188
5.70	175	-9.194131
5.70	180	-9.404833
5.80	0	0.123728
5.80	5	0.132429
5.80	10	0.157758
5.80	15	0.198775
5.80	20	0.25374
5.80	25	0.320362
5.80	30	0.395901
5.80	35	0.477307
5.80	40	0.561316
5.80	45	0.644587
5.80	50	0.723787
5.80	55	0.795647
5.80	60	0.857003
5.80	65	0.904805
5.80	70	0.936117
5.80	75	0.948068
5.80	80	0.937834
5.80	85	0.902565
5.80	90	0.839345
5.80	95	0.745153
5.80	100	0.616827
5.80	105	0.451037
5.80	110	0.244233
5.80	115	-0.007487
5.80	120	-0.308715
5.80	125	-0.665292
5.80	130	-1.084994
5.80	135	-1.577868
5.80	140	-2.155223
5.80	145	-2.826119
5.80	150	-3.590506
5.80	155	-4.430189
5.80	160	-5.300658
5.80	165	-6.128981
5.80	170	-6.822052
5.80	175	-7.285612
5.80	180	-7.449032
5.90	0	0.307494
5.90	5	0.315543
5.90	10	0.338963
5.90	15	0.376892
5.90	20	0.42773
5.90	25	0.48938
5.90	30	0.559314
5.90	35	0.63472
5.90	40	0.712603
5.90	45	0.789889
5.90	50	0.863494
5.90	55	0.930414
5.90	60	0.987727
5.90	65	1.032632
5.90	70	1.062425
5.90	75	1.074484
5.90	80	1.066217
5.90	85	1.035042
5.90	90	0.978326
5.90	95	0.893357
5.90	100	0.777325
5.90	105	0.627311
5.90	110	0.440316
5.90	115	0.213185
5.90	120	-0.057474
5.90	125	-0.375599
5.90	130	-0.746011
5.90	135	-1.174577
5.90	140	-1.667525
5.90	145	-2.229023
5.90	150	-2.856472
5.90	155	-3.534094
5.90	160	-4.227069
5.90	165	-4.879908
5.90	170	-5.422424
5.90	175	-5.783782
5.90	180	-5.910966
6.00	0	0.47202
6.00	5	0.479462
6.00	10	0.501074
6.00	15	0.536082
6.00	20	0.583021
6.00	25	0.639966
6.00	30	0.70459
6.00	35	0.774311
6.00	40	0.846382
6.00	45	0.917962
6.00	50	0.986222
6.00	55	1.04839
6.00	60	1.101776
6.00	65	1.143807
6.00	70	1.171991
6.00	75	1.183915
6.00	80	1.177222
6.00	85	1.149551
6.00	90	1.098519
6.00	95	1.021682
6.00	100	0.91653
6.00	105	0.780497
6.00	110	0.611
6.00	115	0.405453
6.00	120	0.1613
6.00	125	-0.124084
6.00	130	-0.453502
6.00	135	-0.829958
6.00	140	-1.256125
6.00	145	-1.732697
6.00	150	-2.255202
6.00	155	-2.809551
6.00	160	-3.367993
6.00	165	-3.887973
6.00	170	-4.316502
6.00	175	-4.600445
6.00	180	-4.700148
6.20	0	0.750465
6.20	5	0.756799
6.20	10	0.775143
6.20	15	0.804865
6.20	20	0.844739
6.20	25	0.893143
6.20	30	0.948124
6.20	35	1.007514
6.20	40	1.068984
6.20	45	1.130147
6.20	50	1.188602
6.20	55	1.242003
6.20	60	1.288074
6.20	65	1.324617
6.20	70	1.349539
6.20	75	1.360792
6.20	80	1.356398
6.20	85	1.334381
6.20	90	1.292767
6.20	95	1.229558
6.20	100	1.142732
6.20	105	1.03026
6.20	110	0.890179
6.20	115	0.720664
6.20	120	0.520176
6.20	125	0.287582
6.20	130	0.022287
6.20	135	-0.275556
6.20	140	-0.604692
6.20	145	-0.961952
6.20	150	-1.340828
6.20	155	-1.72953
6.20	160	-2.109224
6.20	165	-2.453796
6.20	170	-2.732303
6.20	175	-2.914481
6.20	180	-2.978099
6.40	0	0.971698
6.40	5	0.977082
6.40	10	0.99262
6.40	15	1.0178
6.40	20	1.051598
6.40	25	1.092654
6.40	30	1.139335
6.40	35	1.189809
6.40	40	1.242121
6.40	45	1.294258
6.40	50	1.344188
6.40	55	1.389926
6.40	60	1.429538
6.40	65	1.461164
6.40	70	1.48301
6.40	75	1.493356
6.40	80	1.490519
6.40	85	1.472834
6.40	90	1.438661
6.40	95	1.386346
6.40	100	1.314234
6.40	105	1.220704
6.40	110	1.104219
6.40	115	0.963432
6.40	120	0.797348
6.40	125	0.605501
6.40	130	0.388208
6.40	135	0.146809
6.40	140	-0.115987
6.40	145	-0.395671
6.40	150	-0.68531
6.40	155	-0.974778
6.40	160	-1.250245
6.40	165	-1.494388
6.40	170	-1.687974
6.40	175	-1.812928
6.40	180	-1.856303
6.60	0	1.146243
6.60	5	1.150825
6.60	10	1.16399
6.60	15	1.18533
6.60	20	1.213994
6.60	25	1.248834
6.60	30	1.288483
6.60	35	1.331401
6.60	40	1.375944
6.60	45	1.420406
6.60	50	1.463074
6.60	55	1.502259
6.60	60	1.536319
6.60	65	1.56367
6.60	70	1.582787
6.60	75	1.592201
6.60	80	1.590472
6.60	85	1.576206
6.60	90	1.548014
6.60	95	1.504517
6.60	100	1.444359
6.60	105	1.366222
6.60	110	1.26889
6.60	115	1.151344
6.60	120	1.012905
6.60	125	0.853425
6.60	130	0.673537
6.60	135	0.474918
6.60	140	0.26056
6.60	145	0.035096
6.60	150	-0.194949
6.60	155	-0.420935
6.60	160	-0.63209
6.60	165	-0.815963
6.60	170	-0.959586
6.60	175	-1.051278
6.60	180	-1.082963
6.80	0	1.282869
6.80	5	1.28678
6.80	10	1.297958
6.80	15	1.316089
6.80	20	1.340451
6.80	25	1.37009
6.80	30	1.403849
6.80	35	1.440435
6.80	40	1.47845
6.80	45	1.516461
6.80	50	1.553019
6.80	55	1.586677
6.80	60	1.616041
6.80	65	1.639758
6.80	70	1.656519
6.80	75	1.665066
6.80	80	1.664183
6.80	85	1.652666
6.80	90	1.629348
6.80	95	1.59307
6.80	100	1.542707
6.80	105	1.477186
6.80	110	1.395533
6.80	115	1.296969
6.80	120	1.181028
6.80	125	1.04772
6.80	130	0.897765
6.80	135	0.73282
6.80	140	0.55573
6.80	145	0.370727
6.80	150	0.183586
6.80	155	0.001625
6.80	160	-0.166489
6.80	165	-0.311255
6.80	170	-0.423211
6.80	175	-0.494161
6.80	180	-0.518611
7.00	0	1.388804
7.00	5	1.392156
7.00	10	1.401681
7.00	15	1.417147
7.00	20	1.437927
7.00	25	1.463235
7.00	30	1.492088
7.00	35	1.523386
7.00	40	1.555964
7.00	45	1.588592
7.00	50	1.620036
7.00	55	1.649067
7.00	60	1.674495
7.00	65	1.695156
7.00	70	1.709922
7.00	75	1.717724
7.00	80	1.717501
7.00	85	1.708236
7.00	90	1.688932
7.00	95	1.658609
7.00	100	1.616334
7.00	105	1.561217
7.00	110	1.492488
7.00	115	1.40954
7.00	120	1.312057
7.00	125	1.200143
7.00	130	1.074518
7.00	135	0.93671
7.00	140	0.78925
7.00	145	0.635859
7.00	150	0.481493
7.00	155	0.332297
7.00	160	0.195354
7.00	165	0.078206
7.00	170	-0.011857
7.00	175	-0.068673
7.00	180	-0.088235
7.20	0	1.46995
7.20	5	1.472843
7.20	10	1.480998
7.20	15	1.494241
7.20	20	1.512056
7.20	25	1.533763
7.20	30	1.558534
7.20	35	1.585444
7.20	40	1.613493
7.20	45	1.641637
7.20	50	1.668821
7.20	55	1.693994
7.20	60	1.716134
7.20	65	1.734238
7.20	70	1.747339
7.20	75	1.754503
7.20	80	1.754825
7.20	85	1.747428
7.20	90	1.731456
7.20	95	1.706084
7.20	100	1.67052
7.20	105	1.624038
7.20	110	1.566015
7.20	115	1.495981
7.20	120	1.413732
7.20	125	1.319431
7.20	130	1.213762
7.20	135	1.098098
7.20	140	0.974662
7.20	145	0.846652
7.20	150	0.718262
7.20	155	0.594646
7.20	160	0.481638
7.20	165	0.385341
7.20	170	0.311565
7.20	175	0.265147
7.20	180	0.249161
7.40	0	1.531101
7.40	5	1.533606
7.40	10	1.540624
7.40	15	1.55203
7.40	20	1.567376
7.40	25	1.586091
7.40	30	1.607469
7.40	35	1.630726
7.40	40	1.655004
7.40	45	1.679414
7.40	50	1.70305
7.40	55	1.72501
7.40	60	1.744405
7.40	65	1.760377
7.40	70	1.772087
7.40	75	1.778724
7.40	80	1.779505
7.40	85	1.773671
7.40	90	1.760486
7.40	95	1.739247
7.40	100	1.709286
7.40	105	1.670002
7.40	110	1.620884
7.40	115	1.561588
7.40	120	1.491974
7.40	125	1.412242
7.40	130	1.323043
7.40	135	1.225593
7.40	140	1.12183
7.40	145	1.014487
7.40	150	0.907118
7.40	155	0.804026
7.40	160	0.710036
7.40	165	0.630158
7.40	170	0.569098
7.40	175	0.530744
7.40	180	0.517525
7.60	0	1.576116
7.60	5	1.578299
7.60	10	1.584373
7.60	15	1.594245
7.60	20	1.607539
7.60	25	1.623762
7.60	30	1.642315
7.60	35	1.662528
7.60	40	1.683667
7.60	45	1.70496
7.60	50	1.725631
7.60	55	1.744907
7.60	60	1.762016
7.60	65	1.776205
7.60	70	1.786754
7.60	75	1.792956
7.60	80	1.794127
7.60	85	1.78961
7.60	90	1.77877
7.60	95	1.760997
7.60	100	1.735735
7.60	105	1.702477
7.60	110	1.660811
7.60	115	1.610469
7.60	120	1.551376
7.60	125	1.483754
7.60	130	1.408199
7.60	135	1.325807
7.60	140	1.238257
7.60	145	1.147884
7.60	150	1.057699
7.60	155	0.971312
7.60	160	0.892724
7.60	165	0.826069
7.60	170	0.775201
7.60	175	0.743287
7.60	180	0.732273
7.80	0	1.608102
7.80	5	1.610021
7.80	10	1.615304
7.80	15	1.623896
7.80	20	1.635475
7.80	25	1.649619
7.80	30	1.665817
7.80	35	1.683482
7.80	40	1.701991
7.80	45	1.720679
7.80	50	1.738874
7.80	55	1.755901
7.80	60	1.771092
7.80	65	1.783795
7.80	70	1.793375
7.80	75	1.799213
7.80	80	1.800719
7.80	85	1.797314
7.80	90	1.78845
7.80	95	1.773602
7.80	100	1.752295
7.80	105	1.7241
7.80	110	1.688688
7.80	115	1.645849
7.80	120	1.595555
7.80	125	1.538034
7.80	130	1.473838
7.80	135	1.403945
7.80	140	1.329808
7.80	145	1.253444
7.80	150	1.1774
7.80	155	1.104706
7.80	160	1.038706
7.80	165	0.982828
7.80	170	0.940242
7.80	175	0.913552
7.80	180	0.904322
8.00	0	1.629562
8.00	5	1.631255
8.00	10	1.635882
8.00	15	1.643403
8.00	20	1.653543
8.00	25	1.665948
8.00	30	1.680163
8.00	35	1.695697
8.00	40	1.712
8.00	45	1.728502
8.00	50	1.744617
8.00	55	1.759753
8.00	60	1.773335
8.00	65	1.784782
8.00	70	1.793548
8.00	75	1.799087
8.00	80	1.800877
8.00	85	1.798419
8.00	90	1.79123
8.00	95	1.778855
8.00	100	1.760888
8.00	105	1.736964
8.00	110	1.706818
8.00	115	1.670289
8.00	120	1.627382
8.00	125	1.578321
8.00	130	1.523614
8.00	135	1.464128
8.00	140	1.401143
8.00	145	1.336383
8.00	150	1.272024
8.00	155	1.210616
8.00	160	1.15497
8.00	165	1.107926
8.00	170	1.072122
8.00	175	1.0497
8.00	180	1.041928
8.20	0	1.642512
8.20	5	1.644017
8.20	10	1.648088
8.20	15	1.654708
8.20	20	1.663644
8.20	25	1.674579
8.20	30	1.687131
8.20	35	1.700867
8.20	40	1.715312
8.20	45	1.729967
8.20	50	1.744325
8.20	55	1.757868
8.20	60	1.770088
8.20	65	1.780482
8.20	70	1.78856
8.20	75	1.793847
8.20	80	1.795883
8.20	85	1.794227
8.20	90	1.788458
8.20	95	1.778181
8.20	100	1.76304
8.20	105	1.742738
8.20	110	1.717045
8.20	115	1.68584
8.20	120	1.649153
8.20	125	1.607202
8.20	130	1.560452
8.20	135	1.509677
8.20	140	1.455988
8.20	145	1.400883
8.20	150	1.346214
8.20	155	1.294152
8.20	160	1.247045
8.20	165	1.207284
8.20	170	1.177056
8.20	175	1.158143
8.20	180	1.151569
8.40	0	1.648581
8.40	5	1.649931
8.40	10	1.653529
8.40	15	1.659388
8.40	20	1.667304
8.40	25	1.676999
8.40	30	1.688141
8.40	35	1.700358
8.40	40	1.713226
8.40	45	1.726324
8.40	50	1.73919
8.40	55	1.751382
8.40	60	1.762448
8.40	65	1.771943
8.40	70	1.779439
8.40	75	1.78451
8.40	80	1.786755
8.40	85	1.785783
8.40	90	1.781223
8.40	95	1.772727
8.40	100	1.759993
8.40	105	1.742761
8.40	110	1.720843
8.40	115	1.69415
8.40	120	1.662721
8.40	125	1.626766
8.40	130	1.586713
8.40	135	1.543247
8.40	140	1.497345
8.40	145	1.4503
8.40	150	1.403703
8.40	155	1.359398
8.40	160	1.319377
8.40	165	1.285639
8.40	170	1.260021
8.40	175	1.244001
8.40	180	1.238417
8.60	0	1.649085
8.60	5	1.650298
8.60	10	1.653497
8.60	15	1.658715
8.60	20	1.665762
8.60	25	1.674406
8.60	30	1.684351
8.60	35	1.695274
8.60	40	1.706805
8.60	45	1.718569
8.60	50	1.73017
8.60	55	1.741207
8.60	60	1.751287
8.60	65	1.760018
8.60	70	1.767014
8.60	75	1.771902
8.60	80	1.774323
8.60	85	1.773931
8.60	90	1.770398
8.60	95	1.763424
8.60	100	1.752737
8.60	105	1.738122
8.60	110	1.719414
8.60	115	1.696555
8.60	120	1.669586
8.60	125	1.638709
8.60	130	1.604314
8.60	135	1.567005
8.60	140	1.527646
8.60	145	1.487358
8.60	150	1.447508
8.60	155	1.409679
8.60	160	1.37555
8.60	165	1.346818
8.60	170	1.32502
8.60	175	1.311403
8.60	180	1.306636
8.80	0	1.645088
8.80	5	1.646185
8.80	10	1.649051
8.80	15	1.653713
8.80	20	1.660021
8.80	25	1.667765
8.80	30	1.676693
8.80	35	1.686511
8.80	40	1.696901
8.80	45	1.707526
8.80	50	1.718039
8.80	55	1.728092
8.80	60	1.737325
8.80	65	1.745396
8.80	70	1.751962
8.80	75	1.756688
8.80	80	1.759255
8.80	85	1.759356
8.80	90	1.756704
8.80	95	1.751028
8.80	100	1.742089
8.80	105	1.729703
8.80	110	1.713743
8.80	115	1.694146
8.80	120	1.670973
8.80	125	1.644408
8.80	130	1.614805
8.80	135	1.582705
8.80	140	1.548863
8.80	145	1.514258
8.80	150	1.480079
8.80	155	1.447665
8.80	160	1.418464
8.80	165	1.393908
8.80	170	1.375293
8.80	175	1.363671
8.80	180	1.359584
9.00	0	1.637463
9.00	5	1.638463
9.00	10	1.641035
9.00	15	1.645227
9.00	20	1.650905
9.00	25	1.657879
9.00	30	1.665929
9.00	35	1.674798
9.00	40	1.684203
9.00	45	1.693856
9.00	50	1.703434
9.00	55	1.712634
9.00	60	1.72114
9.00	65	1.728637
9.00	70	1.734826
9.00	75	1.739411
9.00	80	1.742103
9.00	85	1.742623
9.00	90	1.740716
9.00	95	1.736152
9.00	100	1.728712
9.00	105	1.718236
9.00	110	1.704619
9.00	115	1.687812
9.00	120	1.667879
9.00	125	1.644988
9.00	130	1.619462
9.00	135	1.591781
9.00	140	1.562613
9.00	145	1.532811
9.00	150	1.503403
9.00	155	1.475546
9.00	160	1.450477
9.00	165	1.429415
9.00	170	1.413466
9.00	175	1.403515
9.00	180	1.399996
9.50	0	1.606861
9.50	5	1.607671
9.50	10	1.60968
9.50	15	1.612958
9.50	20	1.617407
9.50	25	1.622888
9.50	30	1.629234
9.50	35	1.636261
9.50	40	1.643756
9.50	45	1.651494
9.50	50	1.659245
9.50	55	1.666774
9.50	60	1.673841
9.50	65	1.68021
9.50	70	1.685649
9.50	75	1.689928
9.50	80	1.692828
9.50	85	1.694141
9.50	90	1.693661
9.50	95	1.69122
9.50	100	1.686663
9.50	105	1.679866
9.50	110	1.670756
9.50	115	1.659315
9.50	120	1.645595
9.50	125	1.629737
9.50	130	1.611988
9.50	135	1.592713
9.50	140	1.572402
9.50	145	1.551672
9.50	150	1.531244
9.50	155	1.511934
9.50	160	1.494591
9.50	165	1.480052
9.50	170	1.469056
9.50	175	1.4622
9.50	180	1.459739
10.00	0	1.56567
10.00	5	1.566346
10.00	10	1.567956
10.00	15	1.570592
10.00	20	1.574169
10.00	25	1.578592
10.00	30	1.583736
10.00	35	1.589451
10.00	40	1.595582
10.00	45	1.601954
10.00	50	1.608396
10.00	55	1.61472
10.00	60	1.620743
10.00	65	1.626281
10.00	70	1.631149
10.00	75	1.635172
10.00	80	1.638178
10.00	85	1.639999
10.00	90	1.640484
10.00	95	1.639495
10.00	100	1.636913
10.00	105	1.63265
10.00	110	1.626656
10.00	115	1.618911
10.00	120	1.60947
10.00	125	1.598444
10.00	130	1.586019
10.00	135	1.572475
10.00	140	1.558176
10.00	145	1.54357
10.00	150	1.529183
10.00	155	1.515593
10.00	160	1.503403
10.00	165	1.49319
10.00	170	1.485476
10.00	175	1.480673
10.00	180	1.478906
10.50	0	1.518805
10.50	5	1.519382
10.50	10	1.520706
10.50	15	1.522871
10.50	20	1.525823
10.50	25	1.529477
10.50	30	1.533742
10.50	35	1.5385
10.50	40	1.543629
10.50	45	1.549001
10.50	50	1.55447
10.50	55	1.559895
10.50	60	1.565133
10.50	65	1.570037
10.50	70	1.574451
10.50	75	1.578247
10.50	80	1.58128
10.50	85	1.583423
10.50	90	1.58455
10.50	95	1.584554
10.50	100	1.58334
10.50	105	1.580841
10.50	110	1.577017
10.50	115	1.571859
10.50	120	1.565404
10.50	125	1.557745
10.50	130	1.549028
10.50	135	1.53946
10.50	140	1.529312
10.50	145	1.518926
10.50	150	1.508684
10.50	155	1.499006
10.50	160	1.490323
10.50	165	1.483052
10.50	170	1.477565
10.50	175	1.474148
10.50	180	1.472853
11.00	0	1.469309
11.00	5	1.469815
11.00	10	1.470924
11.00	15	1.472745
11.00	20	1.475223
11.00	25	1.4783
11.00	30	1.481909
11.00	35	1.485951
11.00	40	1.49033
11.00	45	1.49494
11.00	50	1.499673
11.00	55	1.504411
11.00	60	1.509035
11.00	65	1.513434
11.00	70	1.517483
11.00	75	1.521066
11.00	80	1.524075
11.00	85	1.526407
11.00	90	1.527956
11.00	95	1.528632
11.00	100	1.528369
11.00	105	1.527106
11.00	110	1.524808
11.00	115	1.52147
11.00	120	1.517131
11.00	125	1.511855
11.00	130	1.505751
11.00	135	1.498982
11.00	140	1.491758
11.00	145	1.484327
11.00	150	1.476982
11.00	155	1.470023
11.00	160	1.463779
11.00	165	1.45855
11.00	170	1.4546
11.00	175	1.452139
11.00	180	1.45117
11.50	0	1.419072
11.50	5	1.419524
11.50	10	1.42047
11.50	15	1.422025
11.50	20	1.424148
11.50	25	1.426788
11.50	30	1.429891
11.50	35	1.433381
11.50	40	1.437178
11.50	45	1.441204
11.50	50	1.445358
11.50	55	1.449555
11.50	60	1.453693
11.50	65	1.457676
11.50	70	1.46141
11.50	75	1.4648
11.50	80	1.46775
11.50	85	1.470176
11.50	90	1.47199
11.50	95	1.473125
11.50	100	1.473516
11.50	105	1.473122
11.50	110	1.471907
11.50	115	1.469874
11.50	120	1.467038
11.50	125	1.463461
11.50	130	1.459224
11.50	135	1.454454
11.50	140	1.449314
11.50	145	1.443986
11.50	150	1.438693
11.50	155	1.433664
11.50	160	1.429142
11.50	165	1.425351
11.50	170	1.422482
11.50	175	1.420699
11.50	180	1.419958
12.00	0	1.369267
12.00	5	1.369675
12.00	10	1.370495
12.00	15	1.371843
12.00	20	1.373688
12.00	25	1.375989
12.00	30	1.378696
12.00	35	1.381751
12.00	40	1.385094
12.00	45	1.388648
12.00	50	1.392343
12.00	55	1.396102
12.00	60	1.399841
12.00	65	1.403481
12.00	70	1.406944
12.00	75	1.410148
12.00	80	1.413013
12.00	85	1.41547
12.00	90	1.417448
12.00	95	1.418886
12.00	100	1.419727
12.00	105	1.41994
12.00	110	1.419497
12.00	115	1.41839
12.00	120	1.416644
12.00	125	1.414293
12.00	130	1.411404
12.00	135	1.408079
12.00	140	1.404437
12.00	145	1.400627
12.00	150	1.39681
12.00	155	1.393171
12.00	160	1.389884
12.00	165	1.387119
12.00	170	1.385029
12.00	175	1.383724
12.00	180	1.383149
12.50	0	1.320608
12.50	5	1.320981
12.50	10	1.321703
12.50	15	1.322885
12.50	20	1.32451
12.50	25	1.326536
12.50	30	1.328928
12.50	35	1.331639
12.50	40	1.334612
12.50	45	1.337787
12.50	50	1.341108
12.50	55	1.344504
12.50	60	1.347912
12.50	65	1.351259
12.50	70	1.354481
12.50	75	1.357509
12.50	80	1.360278
12.50	85	1.362721
12.50	90	1.364785
12.50	95	1.366413
12.50	100	1.367563
12.50	105	1.368204
12.50	110	1.368306
12.50	115	1.367868
12.50	120	1.366906
12.50	125	1.365444
12.50	130	1.363541
12.50	135	1.361265
12.50	140	1.358721
12.50	145	1.356015
12.50	150	1.353275
12.50	155	1.350643
12.50	160	1.348255
12.50	165	1.346238
12.50	170	1.344707
12.50	175	1.343753
12.50	180	1.343296
13.00	0	1.273514
13.00	5	1.273862
13.00	10	1.274503
13.00	15	1.275553
13.00	20	1.276997
13.00	25	1.278802
13.00	30	1.280941
13.00	35	1.283366
13.00	40	1.286035
13.00	45	1.288901
13.00	50	1.291909
13.00	55	1.295001
13.00	60	1.298125
13.00	65	1.301219
13.00	70	1.304226
13.00	75	1.307089
13.00	80	1.30975
13.00	85	1.312153
13.00	90	1.31425
13.00	95	1.315994
13.00	100	1.317347
13.00	105	1.318281
13.00	110	1.318773
13.00	115	1.318817
13.00	120	1.318423
13.00	125	1.317612
13.00	130	1.316429
13.00	135	1.314929
13.00	140	1.313186
13.00	145	1.311293
13.00	150	1.309346
13.00	155	1.307456
13.00	160	1.305728
13.00	165	1.30426
13.00	170	1.303146
13.00	175	1.302446
13.00	180	1.302073
13.50	0	1.228222
13.50	5	1.228548
13.50	10	1.229119
13.50	15	1.230062
13.50	20	1.231357
13.50	25	1.232983
13.50	30	1.234906
13.50	35	1.237098
13.50	40	1.239515
13.50	45	1.242121
13.50	50	1.244862
13.50	55	1.247699
13.50	60	1.250577
13.50	65	1.253452
13.50	70	1.256264
13.50	75	1.258971
13.50	80	1.26152
13.50	85	1.263862
13.50	90	1.265957
13.50	95	1.267764
13.50	100	1.269243
13.50	105	1.270378
13.50	110	1.271143
13.50	115	1.271532
13.50	120	1.271551
13.50	125	1.271219
13.50	130	1.270562
13.50	135	1.269635
13.50	140	1.268491
13.50	145	1.267199
13.50	150	1.265843
13.50	155	1.2645
13.50	160	1.263262
13.50	165	1.262203
13.50	170	1.261393
13.50	175	1.260885
13.50	180	1.26058
14.00	0	1.184837
14.00	5	1.185145
14.00	10	1.18566
14.00	15	1.186515
14.00	20	1.187686
14.00	25	1.189156
14.00	30	1.190904
14.00	35	1.192898
14.00	40	1.195102
14.00	45	1.197483
14.00	50	1.200002
14.00	55	1.202614
14.00	60	1.205282
14.00	65	1.207954
14.00	70	1.210591
14.00	75	1.213151
14.00	80	1.21559
14.00	85	1.21786
14.00	90	1.219926
14.00	95	1.221753
14.00	100	1.223313
14.00	105	1.224577
14.00	110	1.225532
14.00	115	1.226165
14.00	120	1.226487
14.00	125	1.226502
14.00	130	1.22624
14.00	135	1.225735
14.00	140	1.225035
14.00	145	1.224194
14.00	150	1.223274
14.00	155	1.222348
14.00	160	1.221474
14.00	165	1.220724
14.00	170	1.220142
14.00	175	1.219778
14.00	180	1.219518
14.50	0	1.143396
14.50	5	1.143687
14.50	10	1.144157
14.50	15	1.144933
14.50	20	1.146
14.50	25	1.147343
14.50	30	1.14894
14.50	35	1.150764
14.50	40	1.152782
14.50	45	1.154972
14.50	50	1.157297
14.50	55	1.159715
14.50	60	1.162192
14.50	65	1.164691
14.50	70	1.16717
14.50	75	1.169587
14.50	80	1.171912
14.50	85	1.174104
14.50	90	1.176127
14.50	95	1.17795
14.50	100	1.179547
14.50	105	1.180892
14.50	110	1.181976
14.50	115	1.182782
14.50	120	1.183318
14.50	125	1.18359
14.50	130	1.183617
14.50	135	1.183429
14.50	140	1.183062
14.50	145	1.18256
14.50	150	1.181972
14.50	155	1.181354
14.50	160	1.180759
14.50	165	1.180237
14.50	170	1.179829
14.50	175	1.179573
14.50	180	1.17935
15.00	0	1.103873
15.00	5	1.104149
15.00	10	1.104581
15.00	15	1.10529
15.00	20	1.10627
15.00	25	1.107501
15.00	30	1.10897
15.00	35	1.110643
15.00	40	1.112509
15.00	45	1.114534
15.00	50	1.116681
15.00	55	1.11893
15.00	60	1.121241
15.00	65	1.123579
15.00	70	1.125911
15.00	75	1.128203
15.00	80	1.130417
15.00	85	1.132526
15.00	90	1.134492
15.00	95	1.136293
15.00	100	1.137898
15.00	105	1.139292
15.00	110	1.140453
15.00	115	1.141382
15.00	120	1.142073
15.00	125	1.142529
15.00	130	1.14277
15.00	135	1.142816
15.00	140	1.142699
15.00	145	1.142449
15.00	150	1.142116
15.00	155	1.141731
15.00	160	1.141347
15.00	165	1.141
15.00	170	1.140724
15.00	175	1.140545
15.00	180	1.140351
16.00	0	1.030369
16.00	5	1.030622
16.00	10	1.030988
16.00	15	1.031596
16.00	20	1.032428
16.00	25	1.033475
16.00	30	1.034731
16.00	35	1.036171
16.00	40	1.037775
16.00	45	1.039523
16.00	50	1.041385
16.00	55	1.043344
16.00	60	1.045371
16.00	65	1.047433
16.00	70	1.049506
16.00	75	1.051563
16.00	80	1.053572
16.00	85	1.055511
16.00	90	1.057349
16.00	95	1.059068
16.00	100	1.060641
16.00	105	1.062055
16.00	110	1.063291
16.00	115	1.064349
16.00	120	1.065222
16.00	125	1.065909
16.00	130	1.06642
16.00	135	1.06677
16.00	140	1.066979
16.00	145	1.067068
16.00	150	1.067064
16.00	155	1.066997
16.00	160	1.066893
16.00	165	1.066779
16.00	170	1.066683
16.00	175	1.066613
16.00	180	1.066458
17.00	0	0.96373
17.00	5	0.963969
17.00	10	0.964286
17.00	15	0.964808
17.00	20	0.965529
17.00	25	0.966439
17.00	30	0.967529
17.00	35	0.968783
17.00	40	0.970179
17.00	45	0.971707
17.00	50	0.973341
17.00	55	0.975067
17.00	60	0.976858
17.00	65	0.97869
17.00	70	0.980544
17.00	75	0.982394
17.00	80	0.984218
17.00	85	0.985993
17.00	90	0.987694
17.00	95	0.989303
17.00	100	0.990807
17.00	105	0.992184
17.00	110	0.993426
17.00	115	0.994521
17.00	120	0.995469
17.00	125	0.996267
17.00	130	0.996919
17.00	135	0.99743
17.00	140	0.997822
17.00	145	0.998101
17.00	150	0.99829
17.00	155	0.998399
17.00	160	0.998463
17.00	165	0.99849
17.00	170	0.998495
17.00	175	0.998493
17.00	180	0.99836
18.00	0	0.903275
18.00	5	0.9035
18.00	10	0.903774
18.00	15	0.904234
18.00	20	0.904867
18.00	25	0.905666
18.00	30	0.906621
18.00	35	0.907721
18.00	40	0.908953
18.00	45	0.910304
18.00	50	0.911751
18.00	55	0.913284
18.00	60	0.914878
18.00	65	0.916518
18.00	70	0.918185
18.00	75	0.91985
18.00	80	0.921509
18.00	85	0.923127
18.00	90	0.924696
18.00	95	0.926196
18.00	100	0.927606
18.00	105	0.928921
18.00	110	0.930126
18.00	115	0.931214
18.00	120	0.932175
18.00	125	0.933016
18.00	130	0.933732
18.00	135	0.934327
18.00	140	0.934811
18.00	145	0.935195
18.00	150	0.935491
18.00	155	0.935708
18.00	160	0.935867
18.00	165	0.935971
18.00	170	0.93604
18.00	175	0.936076
18.00	180	0.935954
19.00	0	0.848322
19.00	5	0.848534
19.00	10	0.84878
19.00	15	0.849186
19.00	20	0.849745
19.00	25	0.850452
19.00	30	0.851299
19.00	35	0.852276
19.00	40	0.853373
19.00	45	0.854574
19.00	50	0.855865
19.00	55	0.857234
19.00	60	0.858663
19.00	65	0.860142
19.00	70	0.86164
19.00	75	0.863154
19.00	80	0.864657
19.00	85	0.866139
19.00	90	0.86758
19.00	95	0.86897
19.00	100	0.870286
19.00	105	0.871525
19.00	110	0.872675
19.00	115	0.873726
19.00	120	0.874674
19.00	125	0.875513
19.00	130	0.876247
19.00	135	0.876875
19.00	140	0.877403
19.00	145	0.877842
19.00	150	0.878196
19.00	155	0.878472
19.00	160	0.878684
19.00	165	0.878834
19.00	170	0.878939
19.00	175	0.878999
19.00	180	0.878884
20.00	0	0.798404
20.00	5	0.798609
20.00	10	0.798821
20.00	15	0.799175
20.00	20	0.799664
20.00	25	0.800285
20.00	30	0.801025
20.00	35	0.801882
20.00	40	0.802845
20.00	45	0.803899
20.00	50	0.805009
20.00	55	0.806241
20.00	60	0.807531
20.00	65	0.808863
20.00	70	0.81022
20.00	75	0.811597
20.00	80	0.812966
20.00	85	0.814323
20.00	90	0.815646
20.00	95	0.816931
20.00	100	0.818156
20.00	105	0.819315
20.00	110	0.820401
20.00	115	0.8214
20.00	120	0.822311
20.00	125	0.823133
20.00	130	0.823859
20.00	135	0.824493
20.00	140	0.825039
20.00	145	0.8255
20.00	150	0.825881
20.00	155	0.826186
20.00	160	0.826424
20.00	165	0.826602
20.00	170	0.826726
20.00	175	0.826798
20.00	180	0.826689
21.00	0	0.752931
21.00	5	0.753127
21.00	10	0.753308
21.00	15	0.753605
21.00	20	0.754024
21.00	25	0.75455
21.00	30	0.755185
21.00	35	0.75592
21.00	40	0.756748
21.00	45	0.757664
21.00	50	0.758653
21.00	55	0.759709
21.00	60	0.76082
21.00	65	0.761978
21.00	70	0.763169
21.00	75	0.764512
21.00	80	0.765756
21.00	85	0.766987
21.00	90	0.76828
21.00	95	0.769465
21.00	100	0.770604
21.00	105	0.771685
21.00	110	0.77259
21.00	115	0.773566
21.00	120	0.774473
21.00	125	0.775302
21.00	130	0.776052
21.00	135	0.77672
21.00	140	0.777308
21.00	145	0.777813
21.00	150	0.778243
21.00	155	0.778598
21.00	160	0.778885
21.00	165	0.7791
21.00	170	0.779253
21.00	175	0.779342
21.00	180	0.779239
22.00	0	0.710888
22.00	5	0.711075
22.00	10	0.711242
22.00	15	0.711517
22.00	20	0.711897
22.00	25	0.712379
22.00	30	0.712961
22.00	35	0.713631
22.00	40	0.714393
22.00	45	0.71523
22.00	50	0.716133
22.00	55	0.717104
22.00	60	0.718123
22.00	65	0.719186
22.00	70	0.720279
22.00	75	0.721394
22.00	80	0.722518
22.00	85	0.723645
22.00	90	0.724762
22.00	95	0.725857
22.00	100	0.72692
22.00	105	0.727946
22.00	110	0.728919
22.00	115	0.729844
22.00	120	0.730706
22.00	125	0.731503
22.00	130	0.73223
22.00	135	0.732887
22.00	140	0.733469
22.00	145	0.733978
22.00	150	0.734416
22.00	155	0.734782
22.00	160	0.735077
22.00	165	0.735306
22.00	170	0.735465
22.00	175	0.735565
22.00	180	0.735463
23.00	0	0.672264
23.00	5	0.672448
23.00	10	0.672602
23.00	15	0.672852
23.00	20	0.673198
23.00	25	0.673645
23.00	30	0.674177
23.00	35	0.674793
23.00	40	0.67549
23.00	45	0.676259
23.00	50	0.677092
23.00	55	0.677981
23.00	60	0.678918
23.00	65	0.679895
23.00	70	0.680901
23.00	75	0.681929
23.00	80	0.682967
23.00	85	0.684004
23.00	90	0.685037
23.00	95	0.686047
23.00	100	0.687031
23.00	105	0.687982
23.00	110	0.688891
23.00	115	0.68975
23.00	120	0.690555
23.00	125	0.691299
23.00	130	0.691984
23.00	135	0.692603
23.00	140	0.693151
23.00	145	0.693635
23.00	150	0.694052
23.00	155	0.694401
23.00	160	0.694685
23.00	165	0.694901
23.00	170	0.69506
23.00	175	0.695151
23.00	180	0.69505
24.00	0	0.636678
24.00	5	0.63686
24.00	10	0.636998
24.00	15	0.637231
24.00	20	0.637551
24.00	25	0.637958
24.00	30	0.638449
24.00	35	0.639017
24.00	40	0.639658
24.00	45	0.640363
24.00	50	0.641131
24.00	55	0.641951
24.00	60	0.642814
24.00	65	0.643715
24.00	70	0.644641
24.00	75	0.645591
24.00	80	0.646548
24.00	85	0.647508
24.00	90	0.648462
24.00	95	0.649397
24.00	100	0.650313
24.00	105	0.651194
24.00	110	0.652039
24.00	115	0.652839
24.00	120	0.653594
24.00	125	0.654287
24.00	130	0.654929
24.00	135	0.655511
24.00	140	0.656029
24.00	145	0.656486
24.00	150	0.656881
24.00	155	0.657212
24.00	160	0.657483
24.00	165	0.657688
24.00	170	0.65784
24.00	175	0.65793
24.00	180	0.657826
25.00	0	0.603798
25.00	5	0.603976
25.00	10	0.604105
25.00	15	0.604316
25.00	20	0.604613
25.00	25	0.604987
25.00	30	0.605442
25.00	35	0.605968
25.00	40	0.606557
25.00	45	0.60721
25.00	50	0.607918
25.00	55	0.608673
25.00	60	0.609472
25.00	65	0.610302
25.00	70	0.611161
25.00	75	0.612036
25.00	80	0.612925
25.00	85	0.613813
25.00	90	0.614695
25.00	95	0.615565
25.00	100	0.616414
25.00	105	0.617232
25.00	110	0.618018
25.00	115	0.618766
25.00	120	0.61947
25.00	125	0.620117
25.00	130	0.620721
25.00	135	0.621264
25.00	140	0.621755
25.00	145	0.622185
25.00	150	0.62256
25.00	155	0.622872
25.00	160	0.623132
25.00	165	0.623329
25.00	170	0.623469
25.00	175	0.623554
25.00	180	0.62345
50.00	0	0.202078
50.00	5	0.202219
50.00	10	0.20225
50.00	15	0.202302
50.00	20	0.202373
50.00	25	0.202464
50.00	30	0.202571
50.00	35	0.202699
50.00	40	0.20284
50.00	45	0.202996
50.00	50	0.203166
50.00	55	0.20335
50.00	60	0.203544
50.00	65	0.203745
50.00	70	0.203956
50.00	75	0.204171
50.00	80	0.20439
50.00	85	0.204611
50.00	90	0.204831
50.00	95	0.205049
50.00	100	0.205269
50.00	105	0.205476
50.00	110	0.205681
50.00	115	0.205879
50.00	120	0.206062
50.00	125	0.20624
50.00	130	0.206407
50.00	135	0.206557
50.00	140	0.206695
50.00	145	0.206818
50.00	150	0.206926
50.00	155	0.207021
50.00	160	0.207096
50.00	165	0.207154
50.00	170	0.207199
50.00	175	0.207223
50.00	180	0.207097
100.00	0	-0.001223
100.00	5	-0.00109
100.00	10	-0.001082
100.00	15	-0.00107
100.00	20	-0.001053
100.00	25	-0.001031
100.00	30	-0.001005
100.00	35	-0.000975
100.00	40	-0.000943
100.00	45	-0.000905
100.00	50	-0.000866
100.00	55	-0.000823
100.00	60	-0.000775
100.00	65	-0.000726
100.00	70	-0.000674
100.00	75	-0.000623
100.00	80	-0.000573
100.00	85	-0.000519
100.00	90	-0.000463
100.00	95	-0.000412
100.00	100	-0.000357
100.00	105	-0.000308
100.00	110	-0.000255
100.00	115	-0.000208
100.00	120	-0.000163
100.00	125	-0.000118
100.00	130	-7.7e-05
100.00	135	-3.9e-05
100.00	140	-3e-06
100.00	145	2.7e-05
100.00	150	5.5e-05
100.00	155	7.9e-05
100.00	160	9.7e-05
100.00	165	0.000113
100.00	170	0.000125
100.00	175	0.000131
100.00	180	-0.0
