2.00,0.00,-13343.3791378376135981
2.10,0.00,-4430.0689149866975640
2.20,0.00,-467.9663032125400832
2.30,0.00,1018.7343791035752929
2.40,0.00,1351.9542311901927860
2.50,0.00,1210.4148807805695469
2.60,0.00,923.2321542977102808
2.70,0.00,635.7412486805519620
2.80,0.00,401.1059282562021053
2.90,0.00,229.4950269064967188
3.00,0.00,113.4669207414240191
3.10,0.00,40.3409152500068444
3.20,0.00,-2.3180841187834744
3.30,0.00,-24.6939453790794801
3.40,0.00,-34.3496195863684761
3.50,0.00,-36.5338535764565790
3.60,0.00,-34.6919465629363231
3.70,0.00,-30.9684006016940430
3.80,0.00,-26.6222280902475177
3.90,0.00,-22.3390795615239881
4.00,0.00,-18.4511485627294007
4.10,0.00,-15.0843170819965735
4.20,0.00,-12.2521232261080115
4.30,0.00,-9.9129925674023411
4.40,0.00,-8.0032720252629304
4.50,0.00,-6.4550300612123124
4.60,0.00,-5.2047132515055239
4.70,0.00,-4.1966132525823241
4.80,0.00,-3.3835979024479457
4.90,0.00,-2.7265550489763655
5.00,0.00,-2.1933534006845292
5.10,0.00,-1.7577303320983475
5.20,0.00,-1.3982877691281317
5.30,0.00,-1.0976534531167346
5.40,0.00,-0.8418045303270247
5.50,0.00,-0.6195262839514868
5.60,0.00,-0.4219737824070648
5.70,0.00,-0.2423080014245329
5.80,0.00,-0.0753848153985288
5.90,0.00,0.0825178223475973
6.00,0.00,0.2339434806784269
6.20,0.00,0.5229389520158279
6.40,0.00,0.7961627554704478
6.60,0.00,1.0510950485068093
6.80,0.00,1.2820840524929231
7.00,0.00,1.4830461656476004
7.20,0.00,1.6490895257434701
7.40,0.00,1.7772931002152603
7.60,0.00,1.8668869510905104
7.80,0.00,1.9190557019061654
8.00,0.00,1.9365433790038882
8.20,0.00,1.9231885012064147
8.40,0.00,1.8834731017951007
8.60,0.00,1.8221329055977336
8.80,0.00,1.7438492815635342
9.00,0.00,1.6530259677345223
9.50,0.00,1.3959763304185318
10.00,0.00,1.1320664467407817
10.50,0.00,0.8898913745956538
11.00,0.00,0.6827516639627847
11.50,0.00,0.5139019124075330
12.00,0.00,0.3809589285390428
12.50,0.00,0.2789655590064208
13.00,0.00,0.2022553774056296
13.50,0.00,0.1454491643780541
14.00,0.00,0.1038972277958855
14.50,0.00,0.0738027399999545
15.00,0.00,0.0521812191545297
16.00,0.00,0.0257956893064435
17.00,0.00,0.0126079393244487
18.00,0.00,0.0061113221072981
19.00,0.00,0.0029441128460859
20.00,0.00,0.0014117958329358
21.00,0.00,0.0006746466358416
22.00,0.00,0.0003215359692504
23.00,0.00,0.0001529333326877
24.00,0.00,0.0000726270518541
25.00,0.00,0.0000344487619483
50.00,0.00,0.0000000000002514
100.00,0.00,0.0000000000000000
2.00,5.00,-13681.5610554487975605
2.10,5.00,-4635.4681979784436407
2.20,5.00,-593.4784710201047346
2.30,5.00,941.5114784822482079
2.40,5.00,1304.1126846885913437
2.50,5.00,1180.5969250851458128
2.60,5.00,904.5729819629721078
2.70,5.00,624.0559400499530511
2.80,5.00,393.8159364390402288
2.90,5.00,224.9923461508548144
3.00,5.00,110.7363944951609938
3.10,5.00,38.7344986841432046
3.20,5.00,-3.2175851450548407
3.30,5.00,-25.1562680527220550
3.40,5.00,-34.5489684513468092
3.50,5.00,-36.5818632642566399
3.60,5.00,-34.6590217733448185
3.70,5.00,-30.8977769095114354
3.80,5.00,-26.5393624531571959
3.90,5.00,-22.2579709349460018
4.00,5.00,-18.3785969463809522
4.10,5.00,-15.0227755693561846
4.20,5.00,-12.2015807352585455
4.30,5.00,-9.8721874768685609
4.40,5.00,-7.9704465477963993
4.50,5.00,-6.4283735757446152
4.60,5.00,-5.1825995376186427
4.70,5.00,-4.1777055287711278
4.80,5.00,-3.3668730500059496
4.90,5.00,-2.7112820334291854
5.00,5.00,-2.1790490721971878
5.10,5.00,-1.7441073436469168
5.20,5.00,-1.3852034391891124
5.30,5.00,-1.0850643646620455
5.40,5.00,-0.8297289969841728
5.50,5.00,-0.6080151407956862
5.60,5.00,-0.4110889786599472
5.70,5.00,-0.2321079645153361
5.80,5.00,-0.0659153577214582
5.90,5.00,0.0912282882339497
6.00,5.00,0.2418855478961746
6.20,5.00,0.5293875931441150
6.40,5.00,0.8012706093508299
6.60,5.00,1.0550856790512952
6.80,5.00,1.2852059510503402
7.00,5.00,1.4855379900097780
7.20,5.00,1.6511585515238245
7.40,5.00,1.7791051455523430
7.60,5.00,1.8685647072065308
7.80,5.00,1.9206823733543192
8.00,5.00,1.9381690892494969
8.20,5.00,1.9248376315961178
8.40,5.00,1.8851513924841115
8.60,5.00,1.8238336709685363
8.80,5.00,1.7455584656248222
9.00,5.00,1.6547260055287607
9.50,5.00,1.3975761897302887
10.00,5.00,1.1334821635233654
10.50,5.00,0.8910830432638341
11.00,5.00,0.6837161540299629
11.50,5.00,0.5146590027867122
12.00,5.00,0.3815391333128699
12.50,5.00,0.2794018613050776
13.00,5.00,0.2025785516912187
13.50,5.00,0.1456856543768897
14.00,5.00,0.1040685881207799
14.50,5.00,0.0739259106972338
15.00,5.00,0.0522691656166227
16.00,5.00,0.0258398303672531
17.00,5.00,0.0126297499386723
18.00,5.00,0.0061219785540908
19.00,5.00,0.0029492768968945
20.00,5.00,0.0014142831162947
21.00,5.00,0.0006758391923286
22.00,5.00,0.0003221057857411
23.00,5.00,0.0001532048835936
24.00,5.00,0.0000727562021783
25.00,5.00,0.0000345100915229
50.00,5.00,0.0000000000002519
100.00,5.00,0.0000000000000000
2.00,10.00,-14652.2199988426673372
2.10,10.00,-5225.4855335594575081
2.20,10.00,-954.3653972194947528
2.30,10.00,719.2285625251128067
2.40,10.00,1166.2421752349403050
2.50,10.00,1094.5667003617811588
2.60,10.00,850.6791706904684816
2.70,10.00,590.2734725467390717
2.80,10.00,372.7257462081169024
2.90,10.00,211.9609660246841258
3.00,10.00,102.8340994665301196
3.10,10.00,34.0882006355806766
3.20,10.00,-5.8153880973696914
3.30,10.00,-26.4871752684089188
3.40,10.00,-35.1181804549465824
3.50,10.00,-36.7132782606120145
3.60,10.00,-34.5569252507012266
3.70,10.00,-30.6875654664598869
3.80,10.00,-26.2947853233942510
3.90,10.00,-22.0194890684464895
4.00,10.00,-18.1657647655157746
4.10,10.00,-14.8425362697986714
4.20,10.00,-12.0537427054970010
4.30,10.00,-9.7529532808534896
4.40,10.00,-7.8746046254400710
4.50,10.00,-6.3505841998299388
4.60,10.00,-5.1180808045215542
4.70,10.00,-4.1225347853841470
4.80,10.00,-3.3180535211705831
4.90,10.00,-2.6666766691844970
5.00,10.00,-2.1372491209153708
5.10,10.00,-1.7042785294881497
5.20,10.00,-1.3469353825099688
5.30,10.00,-1.0482371244780637
5.40,10.00,-0.7944028659304792
5.50,10.00,-0.5743449557516840
5.60,10.00,-0.3792613644283023
5.70,10.00,-0.2022984586376140
5.80,10.00,-0.0382617968118950
5.90,10.00,0.1166397481581640
6.00,10.00,0.2650250923136284
6.20,10.00,0.5481060158956197
6.40,10.00,0.8160128276964542
6.60,10.00,1.0665079597227631
6.80,10.00,1.2940403558458016
7.00,10.00,1.4924897520381286
7.20,10.00,1.6568422062136818
7.40,10.00,1.7840143574661447
7.60,10.00,1.8730668324342652
7.80,10.00,1.9250286996983696
8.00,10.00,1.9425132999724841
8.20,10.00,1.9292571155183147
8.40,10.00,1.8896679519726050
8.60,10.00,1.8284317115632840
8.80,10.00,1.7501998435605595
9.00,10.00,1.6593614157974628
9.50,10.00,1.4019747434008574
10.00,10.00,1.1373975386714634
10.50,10.00,0.8943927383025673
11.00,10.00,0.6864031426485981
11.50,10.00,0.5167730203687387
12.00,10.00,0.3831620462750506
12.50,10.00,0.2806238948302104
13.00,10.00,0.2034846785181749
13.50,10.00,0.1463492880578825
14.00,10.00,0.1045497806123149
14.50,10.00,0.0742719732750269
15.00,10.00,0.0525163732970513
16.00,10.00,0.0259639914313172
17.00,10.00,0.0126911292627174
18.00,10.00,0.0061519784395248
19.00,10.00,0.0029638184299982
20.00,10.00,0.0014212884496185
21.00,10.00,0.0006791984678220
22.00,10.00,0.0003237110611918
23.00,10.00,0.0001539699556738
24.00,10.00,0.0000731200959470
25.00,10.00,0.0000346829022229
50.00,10.00,0.0000000000002531
100.00,10.00,0.0000000000000000
2.00,15.00,-16118.4613902700457402
2.10,15.00,-6119.0086646917579856
2.20,15.00,-1502.5592440250766231
2.30,15.00,380.4141857535787494
2.40,15.00,955.3234934100590863
2.50,15.00,962.4726984502036657
2.60,15.00,767.6448956375935495
2.70,15.00,538.0704223719122865
2.80,15.00,340.0607768374120496
2.90,15.00,191.7484840099641588
3.00,15.00,90.5724284653865652
3.10,15.00,26.8859458687188635
3.20,15.00,-9.8298668899841459
3.30,15.00,-28.5294333305468513
3.40,15.00,-35.9758126591755172
3.50,15.00,-36.8919207058041252
3.60,15.00,-34.3755510543875857
3.70,15.00,-30.3417474308449187
3.80,15.00,-25.8992123375776373
3.90,15.00,-21.6367193086067573
4.00,15.00,-17.8256602896027516
4.10,15.00,-14.5552958072594549
4.20,15.00,-11.8185032990804757
4.30,15.00,-9.5633245811137328
4.40,15.00,-7.7220954904558994
4.50,15.00,-6.2266025348768608
4.60,15.00,-5.0149899370297817
4.70,15.00,-4.0341069306690542
4.80,15.00,-3.2395569172159924
4.90,15.00,-2.5947572324700019
5.00,15.00,-2.0697127424894859
5.10,15.00,-1.6398411215366195
5.20,15.00,-1.2849805357328989
5.30,15.00,-0.9886027038106846
5.40,15.00,-0.7372057090402677
5.50,15.00,-0.5198452409502323
5.60,15.00,-0.3277638102025975
5.70,15.00,-0.1540852788919125
5.80,15.00,0.0064484899481627
5.90,15.00,0.1577135122722026
6.00,15.00,0.3024201072967188
6.20,15.00,0.5783579095059750
6.40,15.00,0.8398559208162979
6.60,15.00,1.0850098422158752
6.80,15.00,1.3083841593449073
7.00,15.00,1.5038106485181899
7.20,15.00,1.6661264943668890
7.40,15.00,1.7920524992043276
7.60,15.00,1.8804458487206190
7.80,15.00,1.9321493549877982
8.00,15.00,1.9496201633255943
8.20,15.00,1.9364729491648749
8.40,15.00,1.8970269729223546
8.60,15.00,1.8359087170471806
8.80,15.00,1.7577339270373926
9.00,15.00,1.6668741177780104
9.50,15.00,1.4090820660174539
10.00,15.00,1.1437109392543261
10.50,15.00,0.8997216504692461
11.00,15.00,0.6907248247850830
11.50,15.00,0.5201704530825965
12.00,15.00,0.3857686529449444
12.50,15.00,0.2825857210253483
13.00,15.00,0.2049388204310159
13.50,15.00,0.1474139676035749
14.00,15.00,0.1053215837708699
14.50,15.00,0.0748269291981001
15.00,15.00,0.0529127396277993
16.00,15.00,0.0261630197770691
17.00,15.00,0.0127895025252830
18.00,15.00,0.0062000535902728
19.00,15.00,0.0029871192708386
20.00,15.00,0.0014325127852243
21.00,15.00,0.0006845806105461
22.00,15.00,0.0003262828912804
23.00,15.00,0.0001551956500138
24.00,15.00,0.0000737030637504
25.00,15.00,0.0000349597448630
50.00,15.00,0.0000000000002552
100.00,15.00,0.0000000000000000
2.00,20.00,-17899.9386687793994497
2.10,20.00,-7208.5593907119946380
2.20,20.00,-2173.8976930945323147
2.30,20.00,-36.5084131711656710
2.40,20.00,694.4673331115108112
2.50,20.00,798.2890211734670629
2.60,20.00,663.9662437379078028
2.70,20.00,472.6366722247670396
2.80,20.00,298.9996240495372604
2.90,20.00,166.2996359023269406
3.00,20.00,75.1333503406514183
3.10,20.00,17.8355843694969849
3.20,20.00,-14.8483256731265101
3.30,20.00,-31.0533073468809562
3.40,20.00,-37.0041578046519817
3.50,20.00,-37.0670821661046261
3.60,20.00,-34.1026694205147010
3.70,20.00,-29.8686971433114081
3.80,20.00,-25.3706576420145211
3.90,20.00,-21.1308353095198527
4.00,20.00,-17.3790200886405160
4.10,20.00,-14.1795756252383285
4.20,20.00,-11.5114994116200648
4.30,20.00,-9.3160232942943253
4.40,20.00,-7.5230294078533007
4.50,20.00,-6.0643718159355728
4.60,20.00,-4.8795734463514577
4.70,20.00,-3.9174036814229112
4.80,20.00,-3.1354633141230579
4.90,20.00,-2.4989872329640264
5.00,20.00,-1.9794969705264691
5.10,20.00,-1.5535903980388213
5.20,20.00,-1.2019640713268558
5.30,20.00,-0.9086673504128981
5.40,20.00,-0.6605471062741231
5.50,20.00,-0.4468320537916242
5.60,20.00,-0.2588107387691281
5.70,20.00,-0.0895677885950050
5.80,20.00,0.0662457008758395
5.90,20.00,0.2126221217808748
6.00,20.00,0.3523948868779172
6.20,20.00,0.6187825588298210
6.40,20.00,0.8717424732352939
6.60,20.00,1.1098005392734791
6.80,20.00,1.3276625324989162
7.00,20.00,1.5190871461292375
7.20,20.00,1.6787078161451561
7.40,20.00,1.8029821858863890
7.60,20.00,1.8904963832079211
7.80,20.00,1.9418463986395214
8.00,20.00,1.9592832385691725
8.20,20.00,1.9462613924129109
8.40,20.00,1.9069840822387008
8.60,20.00,1.8460002332771266
8.80,20.00,1.7678792546139821
9.00,20.00,1.6769701416852731
9.50,20.00,1.4185951188542640
10.00,20.00,1.1521375789414292
10.50,20.00,0.9068199958342938
11.00,20.00,0.6964730513638620
11.50,20.00,0.5246843879293972
12.00,20.00,0.3892289728085143
12.50,20.00,0.2851883895425921
13.00,20.00,0.2068669776876977
13.50,20.00,0.1488251289150747
14.00,20.00,0.1063442184021234
14.50,20.00,0.0755620437090914
15.00,20.00,0.0534376636873493
16.00,20.00,0.0264265114997079
17.00,20.00,0.0129197065773126
18.00,20.00,0.0062636733999978
19.00,20.00,0.0030179502693109
20.00,20.00,0.0014473630811762
21.00,20.00,0.0006917009124275
22.00,20.00,0.0003296851062098
23.00,20.00,0.0001568170252939
24.00,20.00,0.0000744742016608
25.00,20.00,0.0000353259376498
50.00,20.00,0.0000000000002579
100.00,20.00,0.0000000000000000
2.00,25.00,-19768.7449421159108169
2.10,25.00,-8360.4316943508601980
2.20,25.00,-2889.8337101778442957
2.30,25.00,-485.2418312463388474
2.40,25.00,411.1085238023089232
2.50,25.00,618.3876734081163704
2.60,25.00,549.4915681927290052
2.70,25.00,399.9419789476165761
2.80,25.00,253.1815659352107559
2.90,25.00,137.8366091773732478
3.00,25.00,57.8672294764779735
3.10,25.00,7.7460619288602288
3.20,25.00,-20.3996574066942458
3.30,25.00,-33.7980322831974149
3.40,25.00,-38.0718786927389488
3.50,25.00,-37.1851084232768585
3.60,25.00,-33.7292279787335474
3.70,25.00,-29.2830336476965272
3.80,25.00,-24.7344732961096270
3.90,25.00,-20.5302463406839024
4.00,25.00,-16.8530672881750831
4.10,25.00,-13.7393594025315906
4.20,25.00,-11.1527670270763224
4.30,25.00,-9.0272050393184600
4.40,25.00,-7.2901486777464299
4.50,25.00,-5.8738482076167600
4.60,25.00,-4.7196441210125215
4.70,25.00,-3.7786731507865738
4.80,25.00,-3.0109341375236625
4.90,25.00,-2.3838091800765540
5.00,25.00,-1.8705894085525330
5.10,25.00,-1.4492340380374742
5.20,25.00,-1.1014176381124940
5.30,25.00,-0.8118374855775983
5.40,25.00,-0.5677222124890449
5.50,25.00,-0.3584800369705903
5.60,25.00,-0.1754345865137452
5.70,25.00,-0.0116100690800494
5.80,25.00,0.1384591657803469
5.90,25.00,0.2789087699498651
6.00,25.00,0.4127204321518221
6.20,25.00,0.6676197289304397
6.40,25.00,0.9103553323982823
6.60,25.00,1.1399425472441607
6.80,25.00,1.3512347945555945
7.00,25.00,1.5378889263105826
7.20,25.00,1.6942871177983072
7.40,25.00,1.8165700978541963
7.60,25.00,1.9030012235847433
7.80,25.00,1.9538846662221232
8.00,25.00,1.9712290003553985
8.20,25.00,1.9583011559918813
8.40,25.00,1.9191690428265495
8.60,25.00,1.8582915385969585
8.80,25.00,1.7801845550366950
9.00,25.00,1.6891713560185444
9.50,25.00,1.4300120936596725
10.00,25.00,1.1622027447408765
10.50,25.00,0.9152703925588865
11.00,25.00,0.7032997408665842
11.50,25.00,0.5300356734836786
12.00,25.00,0.3933256587311829
12.50,25.00,0.2882664840702800
13.00,25.00,0.2091454788786319
13.50,25.00,0.1504916063954987
14.00,25.00,0.1075512372848055
14.50,25.00,0.0764293281808088
15.00,25.00,0.0540567469463940
16.00,25.00,0.0267370995285379
17.00,25.00,0.0130731244356417
18.00,25.00,0.0063386150781086
19.00,25.00,0.0030542605873047
20.00,25.00,0.0014648499288758
21.00,25.00,0.0007000844071278
22.00,25.00,0.0003336905505069
23.00,25.00,0.0001587257517511
24.00,25.00,0.0000753819597209
25.00,25.00,0.0000357569908263
50.00,25.00,0.0000000000002610
100.00,25.00,0.0000000000000000
2.00,30.00,-4278.4914048834953064
2.10,30.00,-398.5145806488951621
2.20,30.00,1052.0230950276500153
2.30,30.00,1370.1249353603780037
2.40,30.00,1222.3157026839760420
2.50,30.00,932.1313919503338639
2.60,30.00,642.6131247200160033
2.70,30.00,406.1550098762401149
2.80,30.00,232.7886955849883179
2.90,30.00,115.1437360349158325
3.00,30.00,40.6371067476443386
3.10,30.00,-3.1053451780083492
3.20,30.00,-26.2532951464255575
3.30,30.00,-36.3921321931493367
3.40,30.00,-38.8149424284756037
3.50,30.00,-37.0203344760763571
3.60,30.00,-33.2058930782048947
3.70,30.00,-28.6779697212247697
3.80,30.00,-24.1611937449994798
3.90,30.00,-20.0177544395140501
4.00,30.00,-16.3951330301114240
4.10,30.00,-13.3212769872281172
4.20,30.00,-10.7632584270209577
4.30,30.00,-8.6617099737008516
4.40,30.00,-6.9498692772895367
4.50,30.00,-5.5632658676896369
4.60,30.00,-4.4439953820298399
4.70,30.00,-3.5420525374894964
4.80,30.00,-2.8152016502954069
4.90,30.00,-2.2282229552982784
5.00,30.00,-1.7519772570243077
5.10,30.00,-1.3624986811056772
5.20,30.00,-1.0401965190058178
5.30,30.00,-0.7691818127880481
5.40,30.00,-0.5367056658166405
5.50,30.00,-0.3326873779338229
5.60,30.00,-0.1493111825480185
5.70,30.00,0.0193252079520150
5.80,30.00,0.1775219209298200
5.90,30.00,0.3282553714198073
6.00,30.00,0.4734278857845808
6.20,30.00,0.7506399807179847
6.40,30.00,1.0107201104092525
6.60,30.00,1.2496715765149382
6.80,30.00,1.4615544317486737
7.00,30.00,1.6407945124470125
7.20,30.00,1.7834431966173412
7.40,30.00,1.8876673564840036
7.60,30.00,1.9537297571230248
7.80,30.00,1.9836752719198518
8.00,30.00,1.9808841008716893
8.20,30.00,1.9496012872863044
8.40,30.00,1.8945084763943800
8.60,30.00,1.8203711587665525
8.80,30.00,1.7317721449011900
9.00,30.00,1.6329280199602110
9.50,30.00,1.3642229136867314
10.00,30.00,1.0973243776011923
10.50,30.00,0.8571736780696257
11.00,30.00,0.6544242792741226
11.50,30.00,0.4906672061958952
12.00,30.00,0.3626043095328809
12.50,30.00,0.2648579643118355
13.00,30.00,0.1916337585125000
13.50,30.00,0.1375787137547387
14.00,30.00,0.0981381483751010
14.50,30.00,0.0696307389031334
15.00,30.00,0.0491834184705653
16.00,30.00,0.0242767414522348
17.00,30.00,0.0118524369956477
18.00,30.00,0.0057404404909249
19.00,30.00,0.0027637627899722
20.00,30.00,0.0013247061161928
21.00,30.00,0.0006328098379475
22.00,30.00,0.0003015166640776
23.00,30.00,0.0001433823323573
24.00,30.00,0.0000680806948695
25.00,30.00,0.0000322884185524
50.00,30.00,0.0000000000002356
100.00,30.00,0.0000000000000000
2.00,35.00,-6223.4780964239571404
2.10,35.00,-1588.5979116654086738
2.20,35.00,316.8804542609398140
2.30,35.00,911.5747728171890003
2.40,35.00,933.7785311969155373
2.50,35.00,749.3951647127043998
2.60,35.00,526.5524148931964419
2.70,35.00,332.5939167191401111
2.80,35.00,186.5519868370838594
2.90,35.00,86.5530741187088779
3.00,35.00,23.4311643675532650
3.10,35.00,-13.0213798962803367
3.20,35.00,-31.5731052408623327
3.30,35.00,-38.8872552357910308
3.40,35.00,-39.6420013817261747
3.50,35.00,-36.9229578648736947
3.60,35.00,-32.6502483995516286
3.70,35.00,-27.9451485185862794
3.80,35.00,-23.4107092528292355
3.90,35.00,-19.3312116739621729
4.00,35.00,-15.8060490367382727
4.10,35.00,-12.8351390395897624
4.20,35.00,-10.3706976024112691
4.30,35.00,-8.3468549920515898
4.40,35.00,-6.6953759826932639
4.50,35.00,-5.3531051619319214
4.60,35.00,-4.2647773926368018
4.70,35.00,-3.3834374134704603
4.80,35.00,-2.6697781528391715
4.90,35.00,-2.0911112510158887
5.00,35.00,-1.6203217614116312
5.10,35.00,-1.2349524265074621
5.20,35.00,-0.9164539658518009
5.30,35.00,-0.6495872155038711
5.40,35.00,-0.4219450455377540
5.50,35.00,-0.2235607343645967
5.60,35.00,-0.0465754264643721
5.70,35.00,0.1150547709720797
5.80,35.00,0.2658241644768893
5.90,35.00,0.4089217301253711
6.00,35.00,0.5464567649247698
6.20,35.00,0.8091024406058622
6.40,35.00,1.0564296146977199
6.60,35.00,1.2850196609186106
6.80,35.00,1.4890598151249321
7.00,35.00,1.6627884434159341
7.20,35.00,1.8018905251254296
7.40,35.00,1.9040964786599837
7.60,35.00,1.9692377477062912
7.80,35.00,1.9989775781629060
8.00,35.00,1.9963850847732374
8.20,35.00,1.9654693303073518
8.40,35.00,1.9107457435398336
8.60,35.00,1.8368729457111037
8.80,35.00,1.7483740350316008
9.00,35.00,1.6494411223801881
9.50,35.00,1.3797268110132777
10.00,35.00,1.1109981749181130
10.50,35.00,0.8686467925328440
11.00,35.00,0.6636846134859438
11.50,35.00,0.4979196168900743
12.00,35.00,0.3681518661170894
12.50,35.00,0.2690232402597343
13.00,35.00,0.1947151777155782
13.50,35.00,0.1398313053225012
14.00,35.00,0.0997689990334863
14.50,35.00,0.0708021480777616
15.00,35.00,0.0500193442286234
16.00,35.00,0.0246959248619319
17.00,35.00,0.0120594283224340
18.00,35.00,0.0058415274874614
19.00,35.00,0.0028127321966071
20.00,35.00,0.0013482863837915
21.00,35.00,0.0006441134927449
22.00,35.00,0.0003069168850321
23.00,35.00,0.0001459555668300
24.00,35.00,0.0000693044273316
25.00,35.00,0.0000328694937838
50.00,35.00,0.0000000000002398
100.00,35.00,0.0000000000000000
2.00,40.00,-7866.0021346243429434
2.10,40.00,-2607.9309116051372257
2.20,40.00,-322.2622984393799470
2.30,40.00,506.9443983319849849
2.40,40.00,675.6305900871293488
2.50,40.00,583.9439199266383866
2.60,40.00,420.4777093864003064
2.70,40.00,264.9271381014265216
2.80,40.00,143.8820171939200918
2.90,40.00,60.1731863860551357
3.00,40.00,7.6206437587558185
3.10,40.00,-22.0498248187213903
3.20,40.00,-36.3319702448963540
3.30,40.00,-41.0363833524627921
3.40,40.00,-40.2658033888856721
3.50,40.00,-36.7164590998569906
3.60,40.00,-32.0460554852890596
3.70,40.00,-27.2009887747286712
3.80,40.00,-22.6699737629760989
3.90,40.00,-18.6646563371185721
4.00,40.00,-15.2401962855167881
4.10,40.00,-12.3712625439296744
4.20,40.00,-9.9971680286277831
4.30,40.00,-8.0468581923559839
4.40,40.00,-6.4514638282345800
4.50,40.00,-5.1496337138002275
4.60,40.00,-4.0889853055967933
4.70,40.00,-3.2256925400427008
4.80,40.00,-2.5233537630642786
4.90,40.00,-1.9517315039578023
5.00,40.00,-1.4856285912611469
5.10,40.00,-1.1039845898494178
5.20,40.00,-0.7891870929815639
5.30,40.00,-0.5265561519771325
5.40,40.00,-0.3039525326476848
5.50,40.00,-0.1114664699892813
5.60,40.00,0.0588455524571572
5.70,40.00,0.2131973455952192
5.80,40.00,0.3562949241089655
5.90,40.00,0.4915490063549797
6.00,40.00,0.6212789024081928
6.20,40.00,0.8691351158340765
6.40,40.00,1.1036031978806733
6.60,40.00,1.3217953135653815
6.80,40.00,1.5179841963029901
7.00,40.00,1.6861912613917980
7.20,40.00,1.8217182489319477
7.40,40.00,1.9218525311001748
7.60,40.00,1.9859946896695373
7.80,40.00,2.0154308987950600
8.00,40.00,2.0129255452604440
8.20,40.00,1.9822583058178900
8.40,40.00,1.9277842932412979
8.60,40.00,1.8540600132208667
8.80,40.00,1.7655523313383359
9.00,40.00,1.6664311599793677
9.50,40.00,1.3955063159526162
10.00,40.00,1.1248118125868598
10.50,40.00,0.8801765834137866
11.00,40.00,0.6729553340494765
11.50,40.00,0.5051596127370286
12.00,40.00,0.3736779920681673
12.50,40.00,0.2731654896661230
13.00,40.00,0.1977755249862603
13.50,40.00,0.1420661377531208
14.00,40.00,0.1013856150059363
14.50,40.00,0.0719625250823957
15.00,40.00,0.0508469223804508
16.00,40.00,0.0251105587333693
17.00,40.00,0.0122640458427992
18.00,40.00,0.0059414101914555
19.00,40.00,0.0028611021527921
20.00,40.00,0.0013715722305834
21.00,40.00,0.0006552739288039
22.00,40.00,0.0003122479293800
23.00,40.00,0.0001484955635684
24.00,40.00,0.0000705122530031
25.00,40.00,0.0000334429792486
50.00,40.00,0.0000000000002440
100.00,40.00,0.0000000000000000
2.00,45.00,-213.2061717156555005
2.10,45.00,1147.2872858298082974
2.20,45.00,1418.3021061334898150
2.30,45.00,1246.0993910527226944
2.40,45.00,943.2688263350997886
2.50,45.00,647.0820384940769827
2.60,45.00,406.9758231452165091
2.70,45.00,231.5109987978260051
2.80,45.00,112.6060774612573141
2.90,45.00,37.3394466483897531
3.00,45.00,-6.8283349451079403
3.10,45.00,-30.1565266709526441
3.20,45.00,-40.2890848292182682
3.30,45.00,-42.5650774929933959
3.40,45.00,-40.5228137095461420
3.50,45.00,-36.3946334475696176
3.60,45.00,-31.5164609816907273
3.70,45.00,-26.6369427215006453
3.80,45.00,-22.1366986302651867
3.90,45.00,-18.1764170639183362
4.00,45.00,-14.7926782242072932
4.10,45.00,-11.9574094432758784
4.20,45.00,-9.6131479066978329
4.30,45.00,-7.6928601750556709
4.40,45.00,-6.1303048830602620
4.50,45.00,-4.8648634474345158
4.60,45.00,-3.8433086104681138
4.70,45.00,-3.0199994184982870
4.80,45.00,-2.3563564804154851
4.90,45.00,-1.8200775959803082
5.00,45.00,-1.3843206513559210
5.10,45.00,-1.0269501377131149
5.20,45.00,-0.7298759372871899
5.30,45.00,-0.4784818665278294
5.40,45.00,-0.2611302329632110
5.50,45.00,-0.0687272851236571
5.60,45.00,0.1056628499103027
5.70,45.00,0.2671643975384157
5.80,45.00,0.4194016444319573
5.90,45.00,0.5647790085223434
6.00,45.00,0.7047308926117708
6.20,45.00,0.9705393174396875
6.40,45.00,1.2165641981894098
6.60,45.00,1.4382266206745946
6.80,45.00,1.6298883214437154
7.00,45.00,1.7868029580695044
7.20,45.00,1.9060744843425965
7.40,45.00,1.9869264193652771
7.60,45.00,2.0305429451671451
7.80,45.00,2.0396844611472726
8.00,45.00,2.0182209344552575
8.20,45.00,1.9706747158902242
8.40,45.00,1.9018240609821113
8.60,45.00,1.8163897022371458
8.80,45.00,1.7188079637888389
9.00,45.00,1.6130829038886905
9.50,45.00,1.3347091554889778
10.00,45.00,1.0657444921896981
10.50,45.00,0.8278024812992845
11.00,45.00,0.6292008425319320
11.50,45.00,0.4700972050745151
12.00,45.00,0.3464236830837005
12.50,45.00,0.2524615146844203
13.00,45.00,0.1823239191213449
13.50,45.00,0.1306939817535135
14.00,45.00,0.0931083797083731
14.50,45.00,0.0659917737092102
15.00,45.00,0.0465713986477679
16.00,45.00,0.0229553832098364
17.00,45.00,0.0111959517221747
18.00,45.00,0.0054184273823186
19.00,45.00,0.0026072687461568
20.00,45.00,0.0012491694276379
21.00,45.00,0.0005965349046672
22.00,45.00,0.0002841630837830
23.00,45.00,0.0001351046905275
24.00,45.00,0.0000641410389144
25.00,45.00,0.0000304165767685
50.00,45.00,0.0000000000002218
100.00,45.00,0.0000000000000000
2.00,50.00,-1396.7754086193076546
2.10,50.00,403.3003860634012199
2.20,50.00,945.6357504010547927
2.30,50.00,943.1138021384049352
2.40,50.00,747.8746940809352282
2.50,50.00,520.8091156414617444
2.60,50.00,325.5972668958929717
2.70,50.00,179.5089419774403723
2.80,50.00,79.8816770644111784
2.90,50.00,17.2339826901504125
3.00,50.00,-18.7440601178532233
3.10,50.00,-36.8389012906614539
3.20,50.00,-43.7064638736558209
3.30,50.00,-44.0162464816086185
3.40,50.00,-40.8510101875125997
3.50,50.00,-36.1339711836458264
3.60,50.00,-30.9932537889668538
3.70,50.00,-26.0401191725654257
3.80,50.00,-21.5665980297034139
3.90,50.00,-17.6782762411883141
4.00,50.00,-14.3792309991507636
4.10,50.00,-11.6237688672649142
4.20,50.00,-9.3462735069144287
4.30,50.00,-7.4772883367351142
4.40,50.00,-5.9513604738241668
4.50,50.00,-4.7102273691185133
4.60,50.00,-3.7035590037484383
4.70,50.00,-2.8885530818488689
4.80,50.00,-2.2290965372362166
4.90,50.00,-1.6948518753880535
5.00,50.00,-1.2604234088499169
5.10,50.00,-0.9046502786791564
5.20,50.00,-0.6100219879999145
5.30,50.00,-0.3621929950539595
5.40,50.00,-0.1495701345046143
5.50,50.00,0.0370489497433510
5.60,50.00,0.2048016402558517
5.70,50.00,0.3590595832215300
5.80,50.00,0.5037057159871523
5.90,50.00,0.6413903328414889
6.00,50.00,0.7737657064048662
6.20,50.00,1.0254562543417833
6.40,50.00,1.2594966418832811
6.60,50.00,1.4717208164108690
6.80,50.00,1.6564730498986648
7.00,50.00,1.8087178914637576
7.20,50.00,1.9251355388719595
7.40,50.00,2.0044917620672038
7.60,50.00,2.0475433092685122
7.80,50.00,2.0566879409599217
8.00,50.00,2.0355107189326418
8.20,50.00,1.9883258780849999
8.40,50.00,1.9197715964521720
8.60,50.00,1.8344843455528492
8.80,50.00,1.7368591248828160
9.00,50.00,1.6308896993708886
9.50,50.00,1.3511257353708257
10.00,50.00,1.0800183510607422
10.50,50.00,0.8396493185455859
11.00,50.00,0.6386833792431654
11.50,50.00,0.4774759023571858
12.00,50.00,0.3520394614146950
12.50,50.00,0.2566612452252190
13.00,50.00,0.1854209499270131
13.50,50.00,0.1329521741763602
14.00,50.00,0.0947398654419125
14.50,50.00,0.0671616245373146
15.00,50.00,0.0474050238237351
16.00,50.00,0.0233725004426485
17.00,50.00,0.0114016025490253
18.00,50.00,0.0055187463186949
19.00,50.00,0.0026558256013237
20.00,50.00,0.0012725364951661
21.00,50.00,0.0006077311053733
22.00,50.00,0.0002895100647302
23.00,50.00,0.0001376518628861
24.00,50.00,0.0000653521244922
25.00,50.00,0.0000309915544184
50.00,50.00,0.0000000000002260
100.00,50.00,0.0000000000000000
2.00,55.00,2196.3951865921553690
2.10,55.00,2050.2524964749550236
2.20,55.00,1629.7822733690177301
2.30,55.00,1177.6282998347808189
2.40,55.00,790.4466233267855841
2.50,55.00,494.0973525028477980
2.60,55.00,283.4094403354504266
2.70,55.00,142.2373115359098392
2.80,55.00,52.8563573763003092
2.90,55.00,-0.1920775277238818
3.00,55.00,-28.9870872949546765
3.10,55.00,-42.3391787812030884
3.20,55.00,-46.3554191667610098
3.30,55.00,-45.0907961533654316
3.40,55.00,-41.1300396466837697
3.50,55.00,-36.0503846108375114
3.60,55.00,-30.7646572231204800
3.70,55.00,-25.7632000864431348
3.80,55.00,-21.2777507449798975
3.90,55.00,-17.3885988914950929
4.00,55.00,-14.0923291218563236
4.10,55.00,-11.3431785014531670
4.20,55.00,-9.0773169533502767
4.30,55.00,-7.2264311029580028
4.40,55.00,-5.7248320222823850
4.50,55.00,-4.5127867499708145
4.60,55.00,-3.5377439756580316
4.70,55.00,-2.7544512934090335
4.80,55.00,-2.1245362585818270
4.90,55.00,-1.6158642580263916
5.00,55.00,-1.2018342743495225
5.10,55.00,-0.8606886422471831
5.20,55.00,-0.5748680897361140
5.30,55.00,-0.3304215872009735
5.40,55.00,-0.1164712187975283
5.50,55.00,0.0752708043662835
5.60,55.00,0.2509362515423561
5.70,55.00,0.4148888513393487
5.80,55.00,0.5700683317626840
5.90,55.00,0.7182924038011294
6.00,55.00,0.8605185571683904
6.20,55.00,1.1278123186263898
6.40,55.00,1.3700339361723266
6.60,55.00,1.5823550459119744
6.80,55.00,1.7598533931690490
7.00,55.00,1.8990332042028264
7.20,55.00,1.9984333951861188
7.40,55.00,2.0586517761374150
7.60,55.00,2.0820406035183510
7.80,55.00,2.0722563431743861
8.00,55.00,2.0337834899308262
8.20,55.00,1.9715026724042346
8.40,55.00,1.8903373505764467
8.60,55.00,1.7949894746217199
8.80,55.00,1.6897599931436718
9.00,55.00,1.5784424989795949
9.50,55.00,1.2933945968290568
10.00,55.00,1.0249736110517240
10.50,55.00,0.7914201372354853
11.00,55.00,0.5987210949750015
11.50,55.00,0.4456422214781127
12.00,55.00,0.3274048445857272
12.50,55.00,0.2380112239157517
13.00,55.00,0.1715394202772021
13.50,55.00,0.1227572661123246
14.00,55.00,0.0873321767710154
14.50,55.00,0.0618255531611441
15.00,55.00,0.0435883505621920
16.00,55.00,0.0214519640349734
17.00,55.00,0.0104509626358680
18.00,55.00,0.0050536862469912
19.00,55.00,0.0024302522193958
20.00,55.00,0.0011638138077762
21.00,55.00,0.0005555759238971
22.00,55.00,0.0002645800253151
23.00,55.00,0.0001257677039200
24.00,55.00,0.0000596986979541
25.00,55.00,0.0000283064424400
50.00,55.00,0.0000000000002063
100.00,55.00,0.0000000000000000
2.00,60.00,1469.9565018868897823
2.10,60.00,1578.5445343925330235
2.20,60.00,1321.2964041868738150
2.30,60.00,975.0451634794570737
2.40,60.00,657.3236728028516609
2.50,60.00,406.9034574366847892
2.60,60.00,226.7253216688005750
2.70,60.00,105.8316596873715980
2.80,60.00,29.8774970822097430
2.90,60.00,-14.3558204578154118
3.00,60.00,-37.4410488176605440
3.10,60.00,-47.1651147184545607
3.20,60.00,-48.9356716405496854
3.30,60.00,-46.3296300362476927
3.40,60.00,-41.6065478650078830
3.50,60.00,-36.1247607174217933
3.60,60.00,-30.6520780063922871
3.70,60.00,-25.5849168886364566
3.80,60.00,-21.0960400010561955
3.90,60.00,-17.2302803838556429
4.00,60.00,-13.9642329374471501
4.10,60.00,-11.2420044406027841
4.20,60.00,-8.9956522092983562
4.30,60.00,-7.1561942674247803
4.40,60.00,-5.6590437040608208
4.50,60.00,-4.4462956741984385
4.60,60.00,-3.4673385247596684
4.70,60.00,-2.6786424042582837
4.80,60.00,-2.0431949421534483
4.90,60.00,-1.5298253388280045
5.00,60.00,-1.1125291677226983
5.10,60.00,-0.7698378483049026
5.20,60.00,-0.4842438044615989
5.30,60.00,-0.2416788111564614
5.40,60.00,-0.0310393109086107
5.50,60.00,0.1562469687794419
5.60,60.00,0.3266168846846753
5.70,60.00,0.4847322054191778
5.80,60.00,0.6338051459684522
5.90,60.00,0.7758893058485796
6.00,60.00,0.9121362026962530
6.20,60.00,1.1685171572415030
6.40,60.00,1.4017747541802237
6.60,60.00,1.6073118722185313
6.80,60.00,1.7800908538251150
7.00,60.00,1.9163043146672578
7.20,60.00,2.0140992567416767
7.40,60.00,2.0736795218213402
7.60,60.00,2.0970471513481517
7.80,60.00,2.0875735655252967
8.00,60.00,2.0495283655443739
8.20,60.00,1.9876425672723306
8.40,60.00,1.9067454347419490
8.60,60.00,1.8114885532511060
8.80,60.00,1.7061550268426386
9.00,60.00,1.5945431558352730
9.50,60.00,1.3080703772925772
10.00,60.00,1.0376079184715916
10.50,60.00,0.8018219643789880
11.00,60.00,0.6069936779362480
11.50,60.00,0.4520466472062930
12.00,60.00,0.3322593446043409
12.50,60.00,0.2416298192868980
13.00,60.00,0.1742008840246447
13.50,60.00,0.1246937122194156
14.00,60.00,0.0887287536936382
14.50,60.00,0.0628255120610607
15.00,60.00,0.0443000536309159
16.00,60.00,0.0218074148608951
17.00,60.00,0.0106259775777176
18.00,60.00,0.0051389781097269
19.00,60.00,0.0024715061031202
20.00,60.00,0.0011836558520198
21.00,60.00,0.0005650792961765
22.00,60.00,0.0002691171697693
23.00,60.00,0.0001279285836377
24.00,60.00,0.0000607259311264
25.00,60.00,0.0000287940664307
50.00,60.00,0.0000000000002099
100.00,60.00,0.0000000000000000
2.00,65.00,964.9308650710024722
2.10,65.00,1234.3844493283231714
2.20,65.00,1087.3149306543793955
2.30,65.00,816.7364067497333053
2.40,65.00,550.9832673217248384
2.50,65.00,336.1486449110442436
2.60,65.00,180.2012862482787341
2.70,65.00,75.6711103703568142
2.80,65.00,10.6480535242156407
2.90,65.00,-26.3814996644989037
3.00,65.00,-44.7969745972037572
3.10,65.00,-51.5532754216159219
3.20,65.00,-51.4819412736935647
3.30,65.00,-47.7649065465273566
3.40,65.00,-42.3944419435217128
3.50,65.00,-36.5509515088610328
3.60,65.00,-30.8861982526677252
3.70,65.00,-25.7228376208386749
3.80,65.00,-21.1882758320565472
3.90,65.00,-17.3006701896538004
4.00,65.00,-14.0218992541066143
4.10,65.00,-11.2887456353961966
4.20,65.00,-9.0302959250296908
4.30,65.00,-7.1769821798617670
4.40,65.00,-5.6647843564320226
4.50,65.00,-4.4367824790205930
4.60,65.00,-3.4433599441435661
4.70,65.00,-2.6417925435204523
4.80,65.00,-1.9956114210820317
4.90,65.00,-1.4739268510343493
5.00,65.00,-1.0507897570272320
5.10,65.00,-0.7046128221142425
5.20,65.00,-0.4176491352375251
5.30,65.00,-0.1755188056954324
5.40,65.00,0.0332258972134554
5.50,65.00,0.2175034158529314
5.60,65.00,0.3840770945608298
5.70,65.00,0.5379014954829415
5.80,65.00,0.6824401596106355
5.90,65.00,0.8199535686460493
6.00,65.00,0.9517561858309165
6.20,65.00,1.2000787695714621
6.40,65.00,1.4267994829995487
6.60,65.00,1.6274634036433540
6.80,65.00,1.7969090313142750
7.00,65.00,1.9310663920989519
7.20,65.00,2.0277720465242730
7.40,65.00,2.0869291046540788
7.60,65.00,2.1102799244370800
7.80,65.00,2.1009901298209019
8.00,65.00,2.0631784663109034
8.20,65.00,2.0014744553246153
8.40,65.00,1.9206466188714995
8.60,65.00,1.8253172222045482
8.80,65.00,1.7197627517651930
9.00,65.00,1.6077901393373430
9.50,65.00,1.3199323451778391
10.00,65.00,1.0476869445526493
10.50,65.00,0.8100394472585805
11.00,65.00,0.6134809515351717
11.50,65.00,0.4570404760505960
12.00,65.00,0.3360278730423283
12.50,65.00,0.2444290828007671
13.00,65.00,0.1762539594303534
13.50,65.00,0.1261841138656716
14.00,65.00,0.0898016484509058
14.50,65.00,0.0635925392011656
15.00,65.00,0.0448452794717162
16.00,65.00,0.0220791895372818
17.00,65.00,0.0107596057662508
18.00,65.00,0.0052040342856636
19.00,65.00,0.0025029487275942
20.00,65.00,0.0011987704168740
21.00,65.00,0.0005723153564274
22.00,65.00,0.0002725707257712
23.00,65.00,0.0001295729820167
24.00,65.00,0.0000615074923202
25.00,65.00,0.0000291650165174
50.00,65.00,0.0000000000002126
100.00,65.00,0.0000000000000000
2.00,70.00,2572.0879060779789143
2.10,70.00,1914.2551763328551715
2.20,70.00,1330.8486442512250960
2.30,70.00,871.1364829085224528
2.40,70.00,534.5464988623357385
2.50,70.00,301.3452566806726054
2.60,70.00,147.4515642305848360
2.70,70.00,50.8478297063456353
2.80,70.00,-6.2469264886435099
2.90,70.00,-37.1837537416218993
3.00,70.00,-51.4913011893494854
3.10,70.00,-55.7031155227110162
3.20,70.00,-54.1443308229538047
3.30,70.00,-49.5819923641016658
3.40,70.00,-43.7221923170401965
3.50,70.00,-37.5707243710009493
3.60,70.00,-31.6846291274976011
3.70,70.00,-26.3420639377923749
3.80,70.00,-21.6537987223269113
3.90,70.00,-17.6344693832965334
4.00,70.00,-14.2469172064422480
4.10,70.00,-11.4290090501482382
4.20,70.00,-9.1093394542949682
4.30,70.00,-7.2160496040561384
4.40,70.00,-5.6814904883668476
4.50,70.00,-4.4444421350920891
4.60,70.00,-3.4509366644127226
4.70,70.00,-2.6543104969965015
4.80,70.00,-2.0148497207117089
4.90,70.00,-1.4992354294445960
5.00,70.00,-1.0799040114992096
5.10,70.00,-0.7343852864183020
5.20,70.00,-0.4446526951843452
5.30,70.00,-0.1965043005227756
5.40,70.00,0.0210149072332797
5.50,70.00,0.2161434505519182
5.60,70.00,0.3948833275526908
5.70,70.00,0.5614281365924612
5.80,70.00,0.7185394471033462
5.90,70.00,0.8678727019929156
6.00,70.00,1.0102549409672221
6.20,70.00,1.2746869778354295
6.40,70.00,1.5097225752375465
6.60,70.00,1.7109465834481732
6.80,70.00,1.8742703270463466
7.00,70.00,1.9972364495188906
7.20,70.00,2.0794440686778941
7.40,70.00,2.1224448640799007
7.60,70.00,2.1293661037468077
7.80,70.00,2.1044333879144634
8.00,70.00,2.0524995021720933
8.20,70.00,1.9786369031515836
8.40,70.00,1.8878180048285316
8.60,70.00,1.7846864799225521
8.80,70.00,1.6734109949137888
9.00,70.00,1.5576072973886497
9.50,70.00,1.2668404839495198
10.00,70.00,0.9981102804021729
10.50,70.00,0.7671546655211792
11.00,70.00,0.5782516214545046
11.50,70.00,0.4291481431931486
12.00,70.00,0.3145405444036632
12.50,70.00,0.2282174906117397
13.00,70.00,0.1642195135350061
13.50,70.00,0.1173643506457880
14.00,70.00,0.0834039732667996
14.50,70.00,0.0589903456586186
15.00,70.00,0.0415572256504043
16.00,70.00,0.0204274826447333
17.00,70.00,0.0099430200458981
18.00,70.00,0.0048049028289493
19.00,70.00,0.0023094774887113
20.00,70.00,0.0011055649310256
21.00,70.00,0.0005276199571408
22.00,70.00,0.0002512122587367
23.00,70.00,0.0001193935076463
24.00,70.00,0.0000566657741390
25.00,70.00,0.0000268657094996
50.00,70.00,0.0000000000001958
100.00,70.00,0.0000000000000000
2.00,75.00,2290.0339950189227238
2.10,75.00,1708.9395343894593680
2.20,75.00,1184.6374854602913729
2.30,75.00,768.8632529770012525
2.40,75.00,464.0487995892178787
2.50,75.00,253.3138177902163761
2.60,75.00,115.0020068894873475
2.70,75.00,29.0267934891268169
2.80,75.00,-20.9217536616562825
2.90,75.00,-47.1108641668952828
3.00,75.00,-58.2920920961419711
3.10,75.00,-60.4547884734566878
3.20,75.00,-57.5510986835080871
3.30,75.00,-52.0976056130729717
3.40,75.00,-45.6355734365558874
3.50,75.00,-39.0645070347472370
3.60,75.00,-32.8743132988371372
3.70,75.00,-27.3016259158252979
3.80,75.00,-22.4320456479684935
3.90,75.00,-18.2652097820025290
4.00,75.00,-14.7550967799870421
4.10,75.00,-11.8342825518728603
4.20,75.00,-9.4280627810780402
4.30,75.00,-7.4623348218563308
4.40,75.00,-5.8677321431037512
4.50,75.00,-4.5815658440932054
4.60,75.00,-3.5485178320046913
4.70,75.00,-2.7206452089908737
4.80,75.00,-2.0570192927488620
4.90,75.00,-1.5231821245965591
5.00,75.00,-1.0905221545002348
5.10,75.00,-0.7356253484662290
5.20,75.00,-0.4396332243041883
5.30,75.00,-0.1876260924709356
5.40,75.00,0.0319573541096787
5.50,75.00,0.2278570351878315
5.60,75.00,0.4064806290436564
5.70,75.00,0.5723424030181974
5.80,75.00,0.7284509004865782
5.90,75.00,0.8766460725215950
6.00,75.00,1.0178876503398584
6.20,75.00,1.2803597435325216
6.40,75.00,1.5141225774440947
6.60,75.00,1.7148093748525461
6.80,75.00,1.8782158339373929
7.00,75.00,2.0017053369134246
7.20,75.00,2.0846929068652642
7.40,75.00,2.1285714470583859
7.60,75.00,2.1363466141116270
7.80,75.00,2.1121606794176842
8.00,75.00,2.0608169349057883
8.20,75.00,1.9873654513944139
8.40,75.00,1.8967762898795861
8.60,75.00,1.7937043990625670
8.80,75.00,1.6823380568092325
9.00,75.00,1.5663168707361370
9.50,75.00,1.2746151755884705
10.00,75.00,1.0046643605809686
10.50,75.00,0.7724522601908679
11.00,75.00,0.5824004935961615
11.50,75.00,0.4323197687040329
12.00,75.00,0.3169199234461800
12.50,75.00,0.2299762111181513
13.00,75.00,0.1655041386183535
13.50,75.00,0.1182937265596944
14.00,75.00,0.0840710990908158
14.50,75.00,0.0594661471975086
15.00,75.00,0.0418947629212659
16.00,75.00,0.0205952082818917
17.00,75.00,0.0100253029238675
18.00,75.00,0.0048448956384062
19.00,75.00,0.0023287828962701
20.00,75.00,0.0011148365547303
21.00,75.00,0.0005320556321445
22.00,75.00,0.0002533281515259
23.00,75.00,0.0001204005735675
24.00,75.00,0.0000571442702492
25.00,75.00,0.0000270927621295
50.00,75.00,0.0000000000001974
100.00,75.00,0.0000000000000000
2.00,80.00,2108.0952117209462813
2.10,80.00,1563.7166358994568327
2.20,80.00,1074.9463672435672379
2.30,80.00,688.9187835323421041
2.40,80.00,407.1312121932623995
2.50,80.00,213.3526815730944008
2.60,80.00,87.1025850854465489
2.70,80.00,9.4998076154618047
2.80,80.00,-34.7313947366981779
2.90,80.00,-57.0493049132332430
3.00,80.00,-65.6092359315491649
3.10,80.00,-65.9798188333326721
3.20,80.00,-61.8265107246487560
3.30,80.00,-55.4762302587173508
3.40,80.00,-48.3479478436236718
3.50,80.00,-41.2640192953213045
3.60,80.00,-34.6664812510949218
3.70,80.00,-28.7624941626067709
3.80,80.00,-23.6193838827164768
3.90,80.00,-19.2251145305962154
4.00,80.00,-15.5257656084263260
4.10,80.00,-12.4481206355732752
4.20,80.00,-9.9128544921245805
4.30,80.00,-7.8419241820358536
4.40,80.00,-6.1624676350880634
4.50,80.00,-4.8086468341743682
4.60,80.00,-3.7223088681474934
4.70,80.00,-2.8529842132400205
4.80,80.00,-2.1575246797713987
4.90,80.00,-1.5995544160357440
5.00,80.00,-1.1488326899015107
5.10,80.00,-0.7805850628158453
5.20,80.00,-0.4748362786538962
5.30,80.00,-0.2157653407386277
5.40,80.00,0.0089040508099458
5.50,80.00,0.2084690116830359
5.60,80.00,0.3897633414440591
5.70,80.00,0.5576205507046481
5.80,80.00,0.7152828449004716
5.90,80.00,0.8647565499076535
6.00,80.00,1.0071158640438753
6.20,80.00,1.2716130137977260
6.40,80.00,1.5073310189581086
6.60,80.00,1.7099610280069761
6.80,80.00,1.8752535313515750
7.00,80.00,2.0004995481932433
7.20,80.00,2.0850507703986274
7.40,80.00,2.1302591421352872
7.60,80.00,2.1391131433308992
7.80,80.00,2.1157577064381350
8.00,80.00,2.0650129961985435
8.20,80.00,1.9919547158124686
8.40,80.00,1.9015828261708121
8.60,80.00,1.7985831151351066
8.80,80.00,1.6871733930078983
9.00,80.00,1.5710201336262202
9.50,80.00,1.2787456981657637
10.00,80.00,1.0080772822787063
10.50,80.00,0.7751580823351744
11.00,80.00,0.5844834503801029
11.50,80.00,0.4338887197274054
12.00,80.00,0.3180823308965513
12.50,80.00,0.2308264295219708
13.00,80.00,0.1661197278853570
13.50,80.00,0.1187358137828010
14.00,80.00,0.0843864843430568
14.50,80.00,0.0596899175002935
15.00,80.00,0.0420528124703800
16.00,80.00,0.0206732065773922
17.00,80.00,0.0100633763665880
18.00,80.00,0.0048633327211169
19.00,80.00,0.0023376584250058
20.00,80.00,0.0011190903003452
21.00,80.00,0.0005340874896892
22.00,80.00,0.0002542962216166
23.00,80.00,0.0001208609066985
24.00,80.00,0.0000573628379635
25.00,80.00,0.0000271964188728
50.00,80.00,0.0000000000001982
100.00,80.00,0.0000000000000000
2.00,85.00,2000.4944953449039531
2.10,85.00,1465.4462708437354195
2.20,85.00,994.9462486354815383
2.30,85.00,627.5605520105426649
2.40,85.00,361.5484780627931514
2.50,85.00,179.9600911372988321
2.60,85.00,62.6514030400591082
2.70,85.00,-8.5875965216846453
2.80,85.00,-48.3520610752045741
2.90,85.00,-67.5331168724999884
3.00,85.00,-73.8589813079119040
3.10,85.00,-72.5971851409822762
3.20,85.00,-67.2110187733643443
3.30,85.00,-59.8967629300929616
3.40,85.00,-51.9914115362654456
3.50,85.00,-44.2667922309677238
3.60,85.00,-37.1337907102682721
3.70,85.00,-30.7798055536533468
3.80,85.00,-25.2587847282547386
3.90,85.00,-20.5487400254295949
4.00,85.00,-16.5875935520245434
4.10,85.00,-13.2949491321211326
4.20,85.00,-10.5849281026451649
4.30,85.00,-8.3734515173915440
4.40,85.00,-6.5821388810054486
4.50,85.00,-5.1401842575006640
4.60,85.00,-3.9850454660831929
4.70,85.00,-3.0624503068148670
4.80,85.00,-2.3260194105331635
4.90,85.00,-1.7366824330396469
5.00,85.00,-1.2619920084707701
5.10,85.00,-0.8753980233816634
5.20,85.00,-0.5555206921333422
5.30,85.00,-0.2854468802334651
5.40,85.00,-0.0520656009955331
5.50,85.00,0.1545469470164136
5.60,85.00,0.3416863897436286
5.70,85.00,0.5145198571513205
5.80,85.00,0.6765253843658314
5.90,85.00,0.8298720444556693
6.00,85.00,0.9757433658013497
6.20,85.00,1.2464403724431889
6.40,85.00,1.4874774158560378
6.60,85.00,1.6946567874187828
6.80,85.00,1.8637766201448152
7.00,85.00,1.9921698865299753
7.20,85.00,2.0792438374025881
7.40,85.00,2.1264206285525802
7.60,85.00,2.1367677490943002
7.80,85.00,2.1145109076132869
8.00,85.00,2.0645470577467284
8.20,85.00,1.9920209310086472
8.40,85.00,1.9019918432039811
8.60,85.00,1.7991947825821679
8.80,85.00,1.6878870806984252
9.00,85.00,1.5717660782618883
9.50,85.00,1.2794065311090943
10.00,85.00,1.0085720815628747
10.50,85.00,0.7754967058866691
11.00,85.00,0.5847022424631705
11.50,85.00,0.4340243464331665
12.00,85.00,0.3181636564119149
12.50,85.00,0.2308737634034639
13.00,85.00,0.1661464600595027
13.50,85.00,0.1187503984013550
14.00,85.00,0.0843940916266039
14.50,85.00,0.0596936282687050
15.00,85.00,0.0420544198498400
16.00,85.00,0.0206732091417098
17.00,85.00,0.0100630944120557
18.00,85.00,0.0048630944974746
19.00,85.00,0.0023375070995496
20.00,85.00,0.0011190045191662
21.00,85.00,0.0005340417039303
22.00,85.00,0.0002542726559888
23.00,85.00,0.0001208490619948
24.00,85.00,0.0000573569805642
25.00,85.00,0.0000271935555127
50.00,85.00,0.0000000000001982
100.00,85.00,0.0000000000000000
2.00,90.00,2561.4368803292645680
2.10,90.00,1683.6218166623643810
2.20,90.00,1058.9279899156254032
2.30,90.00,628.8066405657140194
2.40,90.00,341.7950404758902323
2.50,90.00,156.5540380027720175
2.60,90.00,41.6704436247356398
2.70,90.00,-25.8172413530313065
2.80,90.00,-62.2012756584775275
2.90,90.00,-78.7614168976465976
3.00,90.00,-83.1384612953680175
3.10,90.00,-80.4007398828707665
3.20,90.00,-73.8370468110403522
3.30,90.00,-65.5279370130876941
3.40,90.00,-56.7474953527849379
3.50,90.00,-48.2404201231452134
3.60,90.00,-40.4100197319714596
3.70,90.00,-33.4439740480596583
3.80,90.00,-27.3973973955639849
3.90,90.00,-22.2470370348669917
4.00,90.00,-17.9261948939276579
4.10,90.00,-14.3469034012828160
4.20,90.00,-11.4137419493929713
4.30,90.00,-9.0322075488066105
4.40,90.00,-7.1135587325310041
4.50,90.00,-5.5773897512430750
4.60,90.00,-4.3527563194502221
4.70,90.00,-3.3783896185505284
4.80,90.00,-2.6023502801829608
4.90,90.00,-1.9813538453840351
5.00,90.00,-1.4799206941564620
5.10,90.00,-1.0694516889912791
5.20,90.00,-0.7272961755574130
5.30,90.00,-0.4358554546727760
5.40,90.00,-0.1817485625816815
5.50,90.00,0.0449442223180014
5.60,90.00,0.2513527981935155
5.70,90.00,0.4424019249806577
5.80,90.00,0.6213114649043732
5.90,90.00,0.7900171137613370
6.00,90.00,0.9495182213697504
6.20,90.00,1.2418595276649569
6.40,90.00,1.4969599191587513
6.60,90.00,1.7112297119892013
6.80,90.00,1.8816283949053094
7.00,90.00,2.0069041755233101
7.20,90.00,2.0878948559560406
7.40,90.00,2.1273101710011577
7.60,90.00,2.1292775985022168
7.80,90.00,2.0988272080869841
8.00,90.00,2.0414144776393632
8.20,90.00,1.9625282653876299
8.40,90.00,1.8673985473570260
8.60,90.00,1.7607997630153691
8.80,90.00,1.6469362119912319
9.00,90.00,1.5293925027811617
9.50,90.00,1.2374422662590607
10.00,90.00,0.9707297306858145
10.50,90.00,0.7434441588665838
11.00,90.00,0.5587328293382473
11.50,90.00,0.4136602042155049
12.00,90.00,0.3025849562443965
12.50,90.00,0.2191814523406888
13.00,90.00,0.1575017254754520
13.50,90.00,0.1124348733809416
14.00,90.00,0.0798244856342962
14.50,90.00,0.0564131710215203
15.00,90.00,0.0397146023905241
16.00,90.00,0.0195008141373261
17.00,90.00,0.0094845117406412
18.00,90.00,0.0045806597629910
19.00,90.00,0.0022007324274863
20.00,90.00,0.0010531594845137
21.00,90.00,0.0005024834700648
22.00,90.00,0.0002391981134367
23.00,90.00,0.0001136667342468
24.00,90.00,0.0000539416207138
25.00,90.00,0.0000255719144200
50.00,90.00,0.0000000000001863
100.00,90.00,0.0000000000000000
2.00,95.00,2514.1880998126553095
2.10,95.00,1642.3205639542688914
2.20,95.00,1024.7161826197066148
2.30,95.00,600.7136916450560875
2.40,95.00,318.4069988048245250
2.50,95.00,136.6486020468174729
2.60,95.00,24.3758515846963633
2.70,95.00,-41.0555316146602536
2.80,95.00,-75.7106129051990138
2.90,95.00,-90.7305944986734971
3.00,95.00,-93.6851333041377075
3.10,95.00,-89.6151373723678262
3.20,95.00,-81.8061983408434799
3.30,95.00,-72.3461877671684306
3.40,95.00,-62.5185544417837491
3.50,95.00,-53.0749067471814442
3.60,95.00,-44.4211933165352093
3.70,95.00,-36.7432772786594626
3.80,95.00,-30.0906717530270100
3.90,95.00,-24.4317597605884487
4.00,95.00,-19.6897776883912456
4.10,95.00,-15.7659283590213022
4.20,95.00,-12.5539401474237309
4.30,95.00,-9.9489730976975181
4.40,95.00,-7.8528098043479417
4.50,95.00,-6.1766209216342816
4.60,95.00,-4.8421629823675119
4.70,95.00,-3.7819793896021991
4.80,95.00,-2.9389854010004228
4.90,95.00,-2.2656917328693424
5.00,95.00,-1.7232371202640451
5.10,95.00,-1.2803433456337387
5.20,95.00,-0.9122674981094860
5.30,95.00,-0.5997994798961201
5.40,95.00,-0.3283341244318407
5.50,95.00,-0.0870342038039809
5.60,95.00,0.1319085733405529
5.70,95.00,0.3339138398074795
5.80,95.00,0.5225577043988991
5.90,95.00,0.7000291186185308
6.00,95.00,0.8675055179138695
6.20,95.00,1.1738854310295892
6.40,95.00,1.4409326223766072
6.60,95.00,1.6653755257557421
6.80,95.00,1.8443753888728693
7.00,95.00,1.9768463372308211
7.20,95.00,2.0637862937314075
7.40,95.00,2.1080654200496358
7.60,95.00,2.1139685896073814
7.80,95.00,2.0866746846149251
8.00,95.00,2.0317747582518519
8.20,95.00,1.9548772108109640
8.40,95.00,1.8613145464596856
8.60,95.00,1.7559471314608963
8.80,95.00,1.6430499074607816
9.00,95.00,1.5262646386072833
9.50,95.00,1.2355773154717875
10.00,95.00,0.9695727867113872
10.50,95.00,0.7426991754532174
11.00,95.00,0.5582384101807879
11.50,95.00,0.4133248781186380
12.00,95.00,0.3023543072902772
12.50,95.00,0.2190214883639879
13.00,95.00,0.1573903098925057
13.50,95.00,0.1123571377468503
14.00,95.00,0.0797702371774230
14.50,95.00,0.0563753370452155
15.00,95.00,0.0396882439326027
16.00,95.00,0.0194880677481694
17.00,95.00,0.0094783773193633
18.00,95.00,0.0045777194736281
19.00,95.00,0.0021993277101511
20.00,95.00,0.0010524900947620
21.00,95.00,0.0005021651164459
22.00,95.00,0.0002390469397294
23.00,95.00,0.0001135950325591
24.00,95.00,0.0000539076436830
25.00,95.00,0.0000255558252365
50.00,95.00,0.0000000000001862
100.00,95.00,0.0000000000000000
2.00,100.00,2536.7495373176143403
2.10,100.00,1653.9731331197549480
2.20,100.00,1028.8300602484578121
2.30,100.00,599.1969110629630677
2.40,100.00,312.6455900651337743
2.50,100.00,127.8321433767202961
2.60,100.00,13.5682840802539886
2.70,100.00,-52.9293257251961791
2.80,100.00,-87.8897458736565795
2.90,100.00,-102.6296072260996652
3.00,100.00,-104.8881671776011331
3.10,100.00,-99.8570236437003018
3.20,100.00,-90.9463685289388764
3.30,100.00,-80.3404948989269201
3.40,100.00,-69.3925403131612484
3.50,100.00,-58.9005473500865264
3.60,100.00,-49.2979861186995549
3.70,100.00,-40.7837433663889328
3.80,100.00,-33.4098780616565136
3.90,100.00,-27.1402389606833481
4.00,100.00,-21.8891567275362888
4.10,100.00,-17.5466075016264824
4.20,100.00,-13.9942463086226212
4.30,100.00,-11.1153133262417043
4.40,100.00,-8.8004538449671941
4.50,100.00,-6.9508353501477416
4.60,100.00,-5.4794986675602786
4.70,100.00,-4.3115777932061121
4.80,100.00,-3.3838183328616367
4.90,100.00,-2.6436855048022778
5.00,100.00,-2.0482578279594037
5.10,100.00,-1.5630374734594312
5.20,100.00,-1.1607631849632583
5.30,100.00,-0.8202802947413090
5.40,100.00,-0.5255004413246311
5.50,100.00,-0.2644682977279729
5.60,100.00,-0.0285420293292304
5.70,100.00,0.1883130022497070
5.80,100.00,0.3901225160367119
5.90,100.00,0.5794017462004035
6.00,100.00,0.7575638572314602
6.20,100.00,1.0825836821888259
6.40,100.00,1.3653030337964296
6.60,100.00,1.6029592331514806
6.80,100.00,1.7930553171443329
7.00,100.00,1.9347788094968514
7.20,100.00,2.0293726133893983
7.40,100.00,2.0799352553324084
7.60,100.00,2.0909636129058686
7.80,100.00,2.0678292014580535
8.00,100.00,2.0162936658334125
8.20,100.00,1.9421128015565809
8.40,100.00,1.8507437170334953
8.60,100.00,1.7471501729341257
8.80,100.00,1.6356915844299529
9.00,100.00,1.5200778619594875
9.50,100.00,1.2314808013273160
10.00,100.00,0.9667902083332665
10.50,100.00,0.7407746680830439
11.00,100.00,0.5568925270488443
11.50,100.00,0.4123782192815198
12.00,100.00,0.3016870206507964
12.50,100.00,0.2185511568382045
13.00,100.00,0.1570592297440971
13.50,100.00,0.1121245227022964
14.00,100.00,0.0796071492973007
14.50,100.00,0.0562612378128929
15.00,100.00,0.0396085787054960
16.00,100.00,0.0194494390847457
17.00,100.00,0.0094597578556973
18.00,100.00,0.0045687861823188
19.00,100.00,0.0021950569435356
20.00,100.00,0.0010504539411320
21.00,100.00,0.0005011963887526
22.00,100.00,0.0002385867996046
23.00,100.00,0.0001133767411172
24.00,100.00,0.0000538041855065
25.00,100.00,0.0000255068282774
50.00,100.00,0.0000000000001858
100.00,100.00,0.0000000000000000
2.00,105.00,2657.6108825848077686
2.10,105.00,1740.9640678467235375
2.20,105.00,1088.1999224350906843
2.30,105.00,636.7472772284179428
2.40,105.00,333.5704133652778864
2.50,105.00,136.5930900771703591
2.60,105.00,13.8459794638015978
2.70,105.00,-58.2140096548743600
2.80,105.00,-96.5055138725324468
2.90,105.00,-112.9378751211739882
3.00,105.00,-115.7373067635262487
3.10,105.00,-110.4799082291292507
3.20,105.00,-100.8684029799199493
3.30,105.00,-89.3015004190739319
3.40,105.00,-77.2832636489345077
3.50,105.00,-65.7129723798418581
3.60,105.00,-55.0877838369965218
3.70,105.00,-45.6428658360733550
3.80,105.00,-37.4472922568454294
3.90,105.00,-30.4689676976080932
4.00,105.00,-24.6180504353102663
4.10,105.00,-19.7755513662286830
4.20,105.00,-15.8117764469591293
4.30,105.00,-12.5978544969484858
4.40,105.00,-10.0125923400901513
4.50,105.00,-7.9462034636348733
4.60,105.00,-6.3019745567207650
4.70,105.00,-4.9966014305174014
4.80,105.00,-3.9596958878334618
4.90,105.00,-3.1328059993752220
5.00,105.00,-2.4681818136829037
5.10,105.00,-1.9274416203987812
5.20,105.00,-1.4802401696104397
5.30,105.00,-1.1030026851264410
5.40,105.00,-0.7777622878969694
5.50,105.00,-0.4911202601142861
5.60,105.00,-0.2333361333686739
5.70,105.00,0.0024537404974367
5.80,105.00,0.2208958325254997
5.90,105.00,0.4249672106127846
6.00,105.00,0.6164230573564708
6.20,105.00,0.9644805622744883
6.40,105.00,1.2665270828622042
6.60,105.00,1.5205625275395427
6.80,105.00,1.7245658880436210
7.00,105.00,1.8780643364728320
7.20,105.00,1.9825765742488226
7.40,105.00,2.0414442861668238
7.60,105.00,2.0593859321328516
7.80,105.00,2.0419754171916029
8.00,105.00,1.9951570724956600
8.20,105.00,1.9248488870126987
8.40,105.00,1.8366495570670196
8.60,105.00,1.7356445517939805
8.80,105.00,1.6262965175238429
9.00,105.00,1.5124019454656725
9.50,105.00,1.2268319863389914
10.00,105.00,0.9639550817887830
10.50,105.00,0.7390321195610443
11.00,105.00,0.5558131451811805
11.50,105.00,0.4117046980414778
12.00,105.00,0.3012639099692187
12.50,105.00,0.2182837180189817
13.00,105.00,0.1568892347161672
13.50,105.00,0.1120159040816439
14.00,105.00,0.0795374092533847
14.50,105.00,0.0562162542018880
15.00,105.00,0.0395794362197614
16.00,105.00,0.0194370551924356
17.00,105.00,0.0094544135708916
18.00,105.00,0.0045664471241723
19.00,105.00,0.0021940201591187
20.00,105.00,0.0010499892371078
21.00,105.00,0.0005009860860829
22.00,105.00,0.0002384908465339
23.00,105.00,0.0001133326619622
24.00,105.00,0.0000537838222998
25.00,105.00,0.0000254973779802
50.00,105.00,0.0000000000001857
100.00,105.00,0.0000000000000000
2.00,110.00,2440.9555620247047045
2.10,110.00,1721.7223040935277822
2.20,110.00,1138.2262392817419823
2.30,110.00,698.2684651304371073
2.40,110.00,384.1901524583265655
2.50,110.00,170.5699817567704031
2.60,110.00,32.4447107367568606
2.70,110.00,-51.4352192335219343
2.80,110.00,-97.8068430822773394
2.90,110.00,-119.1996179515013523
3.00,110.00,-124.6446687838715661
3.10,110.00,-120.4495832653903449
3.20,110.00,-110.8926629358397804
3.30,110.00,-98.7886442258873672
3.40,110.00,-85.9242186692894165
3.50,110.00,-73.3806445417383202
3.60,110.00,-61.7660174805577071
3.70,110.00,-51.3787770289403340
3.80,110.00,-42.3206400935317220
3.90,110.00,-34.5732689181747617
4.00,110.00,-28.0494368489486305
4.10,110.00,-22.6265406746914266
4.20,110.00,-18.1680531891073827
4.30,110.00,-14.5368335692164976
4.40,110.00,-11.6030027806572491
4.50,110.00,-9.2482355904937492
4.60,110.00,-7.3677255754505211
4.70,110.00,-5.8706704120996704
4.80,110.00,-4.6798459097007452
4.90,110.00,-3.7306482140458712
5.00,110.00,-2.9698557652167068
5.10,110.00,-2.3542761232145892
5.20,110.00,-1.8493841789259733
5.30,110.00,-1.4280184468596815
5.40,110.00,-1.0691750112473102
5.50,110.00,-0.7569202208785057
5.60,110.00,-0.4794307030368046
5.70,110.00,-0.2281608843867389
5.80,110.00,0.0028672603227236
5.90,110.00,0.2176609082362830
6.00,110.00,0.4187501360943813
6.20,110.00,0.7848838850591093
6.40,110.00,1.1053459687897913
6.60,110.00,1.3789786956987129
6.80,110.00,1.6035968324784164
7.00,110.00,1.7780892858964172
7.20,110.00,1.9032027048920348
7.40,110.00,1.9815688257202329
7.60,110.00,2.0173533439898037
7.80,110.00,2.0157644442425262
8.00,110.00,1.9825592568018697
8.20,110.00,1.9236190357924547
8.40,110.00,1.8446209567909371
8.60,110.00,1.7508091437468840
8.80,110.00,1.6468541924602351
9.00,110.00,1.5367847723119965
9.50,110.00,1.2554536148545108
10.00,110.00,0.9918086167529137
10.50,110.00,0.7636094531452703
11.00,110.00,0.5762199918095768
11.50,110.00,0.4279621854522520
12.00,110.00,0.3138362863816898
12.50,110.00,0.2277929296340408
13.00,110.00,0.1639602615343631
13.50,110.00,0.1172043308180464
14.00,110.00,0.0833043107991961
14.50,110.00,0.0589278007223684
15.00,110.00,0.0415177162664964
16.00,110.00,0.0204114492768217
17.00,110.00,0.0099363852822978
18.00,110.00,0.0048021090029524
19.00,110.00,0.0023082820073318
20.00,110.00,0.0011050457611666
21.00,110.00,0.0005273914409331
22.00,110.00,0.0002511104619312
23.00,110.00,0.0001193476825421
24.00,110.00,0.0000566449592518
25.00,110.00,0.0000268561830552
50.00,110.00,0.0000000000001957
100.00,110.00,0.0000000000000000
2.00,115.00,2901.9111988689087411
2.10,115.00,2080.7731648364529065
2.20,115.00,1403.3299023517072328
2.30,115.00,885.3986984292660054
2.40,115.00,510.5970765136405589
2.50,115.00,251.7868407234938104
2.60,115.00,81.2500876762718462
2.70,115.00,-25.1008208208804149
2.80,115.00,-86.5121266971772798
2.90,115.00,-117.5617001247905478
3.00,115.00,-128.8711270315487809
3.10,115.00,-127.9397709254220672
3.20,115.00,-119.9145954709887860
3.30,115.00,-108.2288019206872605
3.40,115.00,-95.0999565831453424
3.50,115.00,-81.9029740040988941
3.60,115.00,-69.4412518848336617
3.70,115.00,-58.1392891376651733
3.80,115.00,-48.1769431422268894
3.90,115.00,-39.5814398076651912
4.00,115.00,-32.2894112910614979
4.10,115.00,-26.1880076567697131
4.20,115.00,-21.1415910248856278
4.30,115.00,-17.0086110597223978
4.40,115.00,-13.6518666865834746
4.50,115.00,-10.9443638876705904
4.60,115.00,-8.7722809118829588
4.70,115.00,-7.0360679207634007
4.80,115.00,-5.6503752630028856
4.90,115.00,-4.5432771649181660
5.00,115.00,-3.6551027307424278
5.10,115.00,-2.9370807276333011
5.20,115.00,-2.3499328184164767
5.30,115.00,-1.8625009005754976
5.40,115.00,-1.4504607224001802
5.50,115.00,-1.0951510755936340
5.60,115.00,-0.7825323133363256
5.70,115.00,-0.5022774889062660
5.80,115.00,-0.2469925361022121
5.90,115.00,-0.0115575717792638
6.00,115.00,0.2074211421675898
6.20,115.00,0.6035618957110245
6.40,115.00,0.9490468925937954
6.60,115.00,1.2446055798340474
6.80,115.00,1.4889647462350162
7.00,115.00,1.6813913179622411
7.20,115.00,1.8227493662090843
7.40,115.00,1.9156868968823062
7.60,115.00,1.9643700465870122
7.80,115.00,1.9740310400000833
8.00,115.00,1.9504873566868532
8.20,115.00,1.8997153911127214
8.40,115.00,1.8275142591339586
8.60,115.00,1.7392668954321504
8.80,115.00,1.6397901418902872
9.00,115.00,1.5332585301741819
9.50,115.00,1.2575482708355907
10.00,115.00,0.9963549934529790
10.50,115.00,0.7687923848087564
11.00,115.00,0.5811111070307009
11.50,115.00,0.4321664414965425
12.00,115.00,0.3172533037762632
12.50,115.00,0.2304685915645154
13.00,115.00,0.1660008400834955
13.50,115.00,0.1187304728273582
14.00,115.00,0.0844288217056346
14.50,115.00,0.0597467816950075
15.00,115.00,0.0421086743084832
16.00,115.00,0.0207127152424695
17.00,115.00,0.0100868525422391
18.00,115.00,0.0048761904275121
19.00,115.00,0.0023443820644294
20.00,115.00,0.0011225053965386
21.00,115.00,0.0005357886029130
22.00,115.00,0.0002551321179189
23.00,115.00,0.0001212676556177
24.00,115.00,0.0000575593500381
25.00,115.00,0.0000272908549788
50.00,115.00,0.0000000000001989
100.00,115.00,0.0000000000000000
2.00,120.00,2370.5995610375575779
2.10,120.00,2069.5334888558427338
2.20,120.00,1577.7000878446015122
2.30,120.00,1092.7073291106221404
2.40,120.00,690.1381107704841043
2.50,120.00,386.6126856088510522
2.60,120.00,173.2074874638275332
2.70,120.00,32.3399710950562849
2.80,120.00,-54.3195981485212087
2.90,120.00,-102.6267708675416088
3.00,120.00,-125.0612560754909737
3.10,120.00,-130.8719332421800914
3.20,120.00,-126.6134448486050132
3.30,120.00,-116.7585214760374015
3.40,120.00,-104.2502041938429898
3.50,120.00,-90.9490899150108021
3.60,120.00,-77.9732475214894407
3.70,120.00,-65.9456161018371176
3.80,120.00,-55.1683172373246578
3.90,120.00,-45.7422910044560638
4.00,120.00,-37.6475573888725989
4.10,120.00,-30.7959265168384775
4.20,120.00,-25.0648674589708378
4.30,120.00,-20.3187346950442986
4.40,120.00,-16.4216497051869510
4.50,120.00,-13.2449552727211994
4.60,120.00,-10.6711902532858005
4.70,120.00,-8.5958677748315466
4.80,120.00,-6.9278932101271522
4.90,120.00,-5.5891629986838325
5.00,120.00,-4.5136925778596151
5.10,120.00,-3.6464968011672170
5.20,120.00,-2.9423656362538253
5.30,120.00,-2.3646258559093809
5.40,120.00,-1.8839455453605467
5.50,120.00,-1.4772159339689495
5.60,120.00,-1.1265301469130975
5.70,120.00,-0.8182683614442041
5.80,120.00,-0.5422919300002604
5.90,120.00,-0.2912442946809009
6.00,120.00,-0.0599533278925222
6.20,120.00,0.3560615379377268
6.40,120.00,0.7205198065513088
6.60,120.00,1.0374059691665458
6.80,120.00,1.3062292465164589
7.00,120.00,1.5256556285988765
7.20,120.00,1.6953284036658260
7.40,120.00,1.8165431563553387
7.60,120.00,1.8922597164314006
7.80,120.00,1.9267800246245983
8.00,120.00,1.9253017975705653
8.20,120.00,1.8934711687180439
8.40,120.00,1.8369980054941326
8.60,120.00,1.7613592998102918
8.80,120.00,1.6715931809751865
9.00,120.00,1.5721739009449536
9.50,120.00,1.3051189910264784
10.00,120.00,1.0436646702816721
10.50,120.00,0.8111291620640999
11.00,120.00,0.6166144266284892
11.50,120.00,0.4606587006113212
12.00,120.00,0.3394101173711745
12.50,120.00,0.2472995724643808
13.00,120.00,0.1785590051665341
13.50,120.00,0.1279702492474829
14.00,120.00,0.0911518634423108
14.50,120.00,0.0645949661430849
15.00,120.00,0.0455794111215178
16.00,120.00,0.0224614355905559
17.00,120.00,0.0109532177519612
18.00,120.00,0.0053002922453665
19.00,120.00,0.0025501844816271
20.00,120.00,0.0012217329621597
21.00,120.00,0.0005834012027304
22.00,120.00,0.0002778952721466
23.00,120.00,0.0001321204796292
24.00,120.00,0.0000627227495764
25.00,120.00,0.0000297434428547
50.00,120.00,0.0000000000002169
100.00,120.00,0.0000000000000000
2.00,125.00,3067.5843916316957802
2.10,125.00,2790.0070747931363258
2.20,125.00,2195.2191559246120960
2.30,125.00,1573.7810108179919553
2.40,125.00,1042.4186750937656143
2.50,125.00,632.6007902128521891
2.60,125.00,337.8044571841868446
2.70,125.00,137.6470833243091647
2.80,125.00,9.3959315019409360
2.90,125.00,-67.1708292571916559
3.00,125.00,-108.2305268445372803
3.10,125.00,-125.9160795967601985
3.20,125.00,-128.9188912554898252
3.30,125.00,-123.2395386264588524
3.40,125.00,-112.8853707033552496
3.50,125.00,-100.4437746532339020
3.60,125.00,-87.5214459043747866
3.70,125.00,-75.0657023179682596
3.80,125.00,-63.5916454426691473
3.90,125.00,-53.3385069860480598
4.00,125.00,-44.3748721460333684
4.10,125.00,-36.6681076150967158
4.20,125.00,-30.1293223379777544
4.30,125.00,-24.6419281718324612
4.40,125.00,-20.0793845990163504
4.50,125.00,-16.3159065827813947
4.60,125.00,-13.2326469294891922
4.70,125.00,-10.7209981339562432
4.80,125.00,-8.6840796429722360
4.90,125.00,-7.0370965039917053
5.00,125.00,-5.7070096287660448
5.10,125.00,-4.6318006027550922
5.20,125.00,-3.7595137905538110
5.30,125.00,-3.0471945872240696
5.40,125.00,-2.4598015223596832
5.50,125.00,-1.9691429606029516
5.60,125.00,-1.5528710314650027
5.70,125.00,-1.1935529129431472
5.80,125.00,-0.8778307308922919
5.90,125.00,-0.5956749461224291
6.00,125.00,-0.3397314719782472
6.20,125.00,0.1128456883235103
6.40,125.00,0.5045125734692419
6.60,125.00,0.8448213451268067
6.80,125.00,1.1360068941020529
7.00,125.00,1.3777167001763111
7.20,125.00,1.5696127096865844
7.40,125.00,1.7125648414182848
7.60,125.00,1.8089809873772413
7.80,125.00,1.8626604495816110
8.00,125.00,1.8784284883347304
8.20,125.00,1.8617114367259404
8.40,125.00,1.8181418257289996
8.60,125.00,1.7532360644125768
8.80,125.00,1.6721578853286170
9.00,125.00,1.5795639729065032
9.50,125.00,1.3228543082694104
10.00,125.00,1.0648766590416625
10.50,125.00,0.8318341672413895
11.00,125.00,0.6348684644176689
11.50,125.00,0.4757868245643255
12.00,125.00,0.3514379375371639
12.50,125.00,0.2565836998127746
13.00,125.00,0.1855696902730014
13.50,125.00,0.1331761412134750
14.00,125.00,0.0949672623509635
14.50,125.00,0.0673623028129104
15.00,125.00,0.0475697965935283
16.00,125.00,0.0234713449704072
17.00,125.00,0.0114560059504745
18.00,125.00,0.0055472787720398
19.00,125.00,0.0026703454054815
20.00,125.00,0.0012797784005138
21.00,125.00,0.0006112929049323
22.00,125.00,0.0002912443947574
23.00,125.00,0.0001384901781995
24.00,125.00,0.0000657551341043
25.00,125.00,0.0000311845042543
50.00,125.00,0.0000000000002275
100.00,125.00,0.0000000000000000
2.00,130.00,906.0909636916999261
2.10,130.00,2292.2094555199714705
2.20,130.00,2381.6181140995386158
2.30,130.00,1972.6990151902059552
2.40,130.00,1446.5239322819234076
2.50,130.00,965.8499490020628855
2.60,130.00,584.8416937707589796
2.70,130.00,307.8116995983664310
2.80,130.00,119.4136413750020438
2.90,130.00,-0.7524391813532247
3.00,130.00,-71.7656727342434806
3.10,130.00,-109.1533433232762604
3.20,130.00,-124.5957344442656449
3.30,130.00,-126.4196533951760557
3.40,130.00,-120.3174356557690885
3.50,130.00,-110.0397647037772231
3.60,130.00,-97.9695437164548366
3.70,130.00,-85.5597049894844872
3.80,130.00,-73.6497016845489725
3.90,130.00,-62.6854352618969983
4.00,130.00,-52.8673703966326229
4.10,130.00,-44.2477057656607542
4.20,130.00,-36.7926826338744775
4.30,130.00,-30.4217229254018662
4.40,130.00,-25.0315402109361003
4.50,130.00,-20.5107045858152333
4.60,130.00,-16.7482452268009183
4.70,130.00,-13.6385758461252919
4.80,130.00,-11.0841691081070621
4.90,130.00,-8.9968546338290167
5.00,130.00,-7.2982710632644938
5.10,130.00,-5.9197933564497447
5.20,130.00,-4.8021321213253572
5.30,130.00,-3.8947290564366028
5.40,130.00,-3.1550303183518622
5.50,130.00,-2.5476946261733815
5.60,130.00,-2.0437774005147560
5.70,130.00,-1.6199217827035710
5.80,130.00,-1.2575796249550919
5.90,130.00,-0.9422793060052257
6.00,130.00,-0.6629519789714351
6.20,130.00,-0.1813746735259443
6.40,130.00,0.2290340803101643
6.60,130.00,0.5875262161181567
6.80,130.00,0.9007352060182612
7.00,130.00,1.1693443142424584
7.20,130.00,1.3921737172446846
7.40,130.00,1.5684126429544314
7.60,130.00,1.6986110895100079
7.80,130.00,1.7849081083906970
8.00,130.00,1.8308407345261557
8.20,130.00,1.8409648433268213
8.40,130.00,1.8204316234723565
8.60,130.00,1.7746000782623463
8.80,130.00,1.7087232404018327
9.00,130.00,1.6277189605472273
9.50,130.00,1.3867218271639294
10.00,130.00,1.1308498375604650
10.50,130.00,0.8922346200573538
11.00,130.00,0.6863028646833057
11.50,130.00,0.5175195370834993
12.00,130.00,0.3841568968593171
12.50,130.00,0.2815933307479990
13.00,130.00,0.2043210647865745
13.50,130.00,0.1470258063176668
14.00,130.00,0.1050757289775572
14.50,130.00,0.0746701308533922
15.00,130.00,0.0528121314805517
16.00,130.00,0.0261209420387070
17.00,130.00,0.0127715803534115
18.00,130.00,0.0061922974786535
19.00,130.00,0.0029837149911020
20.00,130.00,0.0014309998684238
21.00,130.00,0.0006839009110241
22.00,130.00,0.0003259746727407
23.00,130.00,0.0001550547830564
24.00,130.00,0.0000736382609186
25.00,130.00,0.0000349297734998
50.00,130.00,0.0000000000002550
100.00,130.00,0.0000000000000000
2.00,135.00,-5079.1748221636407834
2.10,135.00,53.0521946762623884
2.20,135.00,1872.1130821278409258
2.30,135.00,2169.5833727657736745
2.40,135.00,1859.5181677999812564
2.50,135.00,1381.0233573617988441
2.60,135.00,924.8106471966675599
2.70,135.00,557.8513748844721931
2.80,135.00,289.9806932065059755
2.90,135.00,108.0844568115081756
3.00,135.00,-7.3638939601105449
3.10,135.00,-75.0575068357658211
3.20,135.00,-110.2732106827175471
3.30,135.00,-124.4615621009547226
3.40,135.00,-125.7217831263570247
3.50,135.00,-119.5326726328206064
3.60,135.00,-109.4604009356394840
3.70,135.00,-97.7413679603660057
3.80,135.00,-85.7219450593684655
3.90,135.00,-74.1716381467840620
4.00,135.00,-63.4967405070026416
4.10,135.00,-53.8811504941425028
4.20,135.00,-45.3765185649992873
4.30,135.00,-37.9585257600910779
4.40,135.00,-31.5612748010900930
4.50,135.00,-26.0979469611357615
4.60,135.00,-21.4730588124534449
4.70,135.00,-17.5896870671530507
4.80,135.00,-14.3537187326827791
4.90,135.00,-11.6763441394797098
5.00,135.00,-9.4754933862560335
5.10,135.00,-7.6766111342456469
5.20,135.00,-6.2129918178457189
5.30,135.00,-5.0258041768539528
5.40,135.00,-4.0638862989524256
5.50,135.00,-3.2833689391117105
5.60,135.00,-2.6471733450485999
5.70,135.00,-2.1244233377762072
5.80,135.00,-1.6898065486805365
5.90,135.00,-1.3229150341146010
6.00,135.00,-1.0075905541787762
6.20,135.00,-0.4845188817219110
6.40,135.00,-0.0534616760149262
6.60,135.00,0.3201243163432252
6.80,135.00,0.6508331118288169
7.00,135.00,0.9423928924418590
7.20,135.00,1.1937050512743426
7.40,135.00,1.4025078612528290
7.60,135.00,1.5673286689942927
7.80,135.00,1.6882957386305790
8.00,135.00,1.7672555197836619
8.20,135.00,1.8075167787553212
8.40,135.00,1.8134365829684320
8.60,135.00,1.7899803631371620
8.80,135.00,1.7423286523298662
9.00,135.00,1.6755630763720406
9.50,135.00,1.4550517952066806
10.00,135.00,1.2036387110154463
10.50,135.00,0.9600561275454997
11.00,135.00,0.7447228026161290
11.50,135.00,0.5653029723350464
12.00,135.00,0.4218413714448287
12.50,135.00,0.3105273028662801
13.00,135.00,0.2260897962414983
13.50,135.00,0.1631478506628442
14.00,135.00,0.1168683364619731
14.50,135.00,0.0832104961544462
15.00,135.00,0.0589474519930864
16.00,135.00,0.0292286217057765
17.00,135.00,0.0143169549572685
18.00,135.00,0.0069508157296585
19.00,135.00,0.0033525212695298
20.00,135.00,0.0016090789655693
21.00,135.00,0.0007694425563544
22.00,135.00,0.0003669052466138
23.00,135.00,0.0001745816345669
24.00,135.00,0.0000829329541632
25.00,135.00,0.0000393463445733
50.00,135.00,0.0000000000002874
100.00,135.00,0.0000000000000000
2.00,140.00,-18603.8074949564397684
2.10,140.00,-5905.5340606324843975
2.20,140.00,-351.0168045121267824
2.30,140.00,1664.7910859294383954
2.40,140.00,2052.6672444048417674
2.50,140.00,1785.2063136978172224
2.60,140.00,1328.8458420374022353
2.70,140.00,886.2287486142926127
2.80,140.00,529.0753936054200040
2.90,140.00,268.8851199137600361
3.00,140.00,93.0497726585552982
3.10,140.00,-17.7810531588619369
3.20,140.00,-82.1507436661571546
3.30,140.00,-115.1389828851185939
3.40,140.00,-127.9634434745874501
3.50,140.00,-128.4868132579283042
3.60,140.00,-121.9749644569466227
3.70,140.00,-111.8204193129170676
3.80,140.00,-100.1301752089146930
3.90,140.00,-88.1629673406159782
4.00,140.00,-76.6358346101030179
4.10,140.00,-65.9296312875481476
4.20,140.00,-56.2218417435914830
4.30,140.00,-47.5697886697612091
4.40,140.00,-39.9614173356172273
4.50,140.00,-33.3456698186540450
4.60,140.00,-27.6504422737784807
4.70,140.00,-22.7932143868772528
4.80,140.00,-18.6874575771010996
4.90,140.00,-15.2466391479122763
5.00,140.00,-12.3868394095087240
5.10,140.00,-10.0285262248592062
5.20,140.00,-8.0977678498800287
5.30,140.00,-6.5270280920225616
5.40,140.00,-5.2556234250404401
5.50,140.00,-4.2298956664814398
5.60,140.00,-3.4031458534060448
5.70,140.00,-2.7353737629632349
5.80,140.00,-2.1928674449077477
5.90,140.00,-1.7476857816353686
6.00,140.00,-1.3770738764255412
6.20,140.00,-0.7907671302517301
6.40,140.00,-0.3322977889666845
6.60,140.00,0.0550059100721683
6.80,140.00,0.3983321641688562
7.00,140.00,0.7073110734832611
7.20,140.00,0.9824726778266211
7.40,140.00,1.2207627720100689
7.60,140.00,1.4187929580313394
7.80,140.00,1.5744841353172845
8.00,140.00,1.6876608593937394
8.20,140.00,1.7600244157388172
8.40,140.00,1.7948077769633848
8.60,140.00,1.7963112053388279
8.80,140.00,1.7694376011640269
9.00,140.00,1.7192903317825001
9.50,140.00,1.5239810202403441
10.00,140.00,1.2798122210619338
10.50,140.00,1.0324684342912780
11.00,140.00,0.8078988480220566
11.50,140.00,0.6174344754843939
12.00,140.00,0.4632190666117720
12.50,140.00,0.3424499646064193
13.00,140.00,0.2501960452027907
13.50,140.00,0.1810528934349994
14.00,140.00,0.1299953937627558
14.50,140.00,0.0927350025713192
15.00,140.00,0.0658001677399799
16.00,140.00,0.0327076317210378
17.00,140.00,0.0160497533542153
18.00,140.00,0.0078023029072438
19.00,140.00,0.0037668775167906
20.00,140.00,0.0018092761216491
21.00,140.00,0.0008656534951846
22.00,140.00,0.0004129571235107
23.00,140.00,0.0001965575977183
24.00,140.00,0.0000933955550679
25.00,140.00,0.0000443186536682
50.00,140.00,0.0000000000003239
100.00,140.00,0.0000000000000000
2.00,145.00,-45492.9056397403473966
2.10,145.00,-18802.4796652327604534
2.20,145.00,-6026.5273331973558015
2.30,145.00,-454.4707728636929005
2.40,145.00,1564.3038959082016390
2.50,145.00,1956.6159487639886265
2.60,145.00,1698.3649062659842457
2.70,145.00,1254.6948523887613192
2.80,145.00,825.9799561866166187
2.90,145.00,482.0746000901506250
3.00,145.00,233.3565646596621264
3.10,145.00,66.7623718933597274
3.20,145.00,-37.0500573291845967
3.30,145.00,-96.3517348048388840
3.40,145.00,-125.8385062114451785
3.50,145.00,-136.3323545914234955
3.60,145.00,-135.3439620134457186
3.70,145.00,-127.8549375078123376
3.80,145.00,-117.0454016747027026
3.90,145.00,-104.8748810773208220
4.00,145.00,-92.5077193110698772
4.10,145.00,-80.6066985202465389
4.20,145.00,-69.5266416490226788
4.30,145.00,-59.4373305711023932
4.40,145.00,-50.3990938302532641
4.50,145.00,-42.4081092512572297
4.60,145.00,-35.4231075842947405
4.70,145.00,-29.3810825859696365
4.80,145.00,-24.2067232339271641
4.90,145.00,-19.8183518913025978
5.00,145.00,-16.1319265886761514
5.10,145.00,-13.0639286433943766
5.20,145.00,-10.5335401339870032
5.30,145.00,-8.4642979515536467
5.40,145.00,-6.7853097147286974
5.50,145.00,-5.4320784666064128
5.60,145.00,-4.3469751974128457
5.70,145.00,-3.4794022109210658
5.80,145.00,-2.7856964319979909
5.90,145.00,-2.2288255778528594
6.00,145.00,-1.7779303638136952
6.20,145.00,-1.0980651220560844
6.40,145.00,-0.6001483485162638
6.60,145.00,-0.1978520514930509
6.80,145.00,0.1539499369282211
7.00,145.00,0.4742811988574545
7.20,145.00,0.7673633714887451
7.40,145.00,1.0303961689626036
7.60,145.00,1.2584540282144800
7.80,145.00,1.4472296538175158
8.00,145.00,1.5942965768982607
8.20,145.00,1.6994374238399477
8.40,145.00,1.7644444379329602
8.60,145.00,1.7926718872189618
8.80,145.00,1.7885178390296890
9.00,145.00,1.7569372283123803
9.50,145.00,1.5910643926137684
10.00,145.00,1.3569784580592135
10.50,145.00,1.1073801425354197
11.00,145.00,0.8741171612030266
11.50,145.00,0.6725670468862073
12.00,145.00,0.5072613217277678
12.50,145.00,0.3765919007972390
13.00,145.00,0.2760731665775329
13.50,145.00,0.2003285659905478
14.00,145.00,0.1441596005017791
14.50,145.00,0.1030309072872159
15.00,145.00,0.0732189658385516
16.00,145.00,0.0364825011276269
17.00,145.00,0.0179328569033004
18.00,145.00,0.0087286853656190
19.00,145.00,0.0042180477263400
20.00,145.00,0.0020273916800443
21.00,145.00,0.0009705230748507
22.00,145.00,0.0004631706517796
23.00,145.00,0.0002205257281512
24.00,145.00,0.0001048088804269
25.00,145.00,0.0000497436184907
50.00,145.00,0.0000000000003638
100.00,145.00,0.0000000000000000
2.00,150.00,-92991.5161440424708417
2.10,150.00,-42781.0944566976686474
2.20,150.00,-17486.8517325471839285
2.30,150.00,-5477.0548345594643251
2.40,150.00,-302.0716606215596585
2.50,150.00,1529.0089446322949698
2.60,150.00,1847.3238295488872609
2.70,150.00,1572.9507484702999136
2.80,150.00,1139.5801937665892183
2.90,150.00,730.7012836126823458
3.00,150.00,407.7507240321169775
3.10,150.00,177.4285073079461199
3.20,150.00,25.5082484966380889
3.30,150.00,-67.2893521897872233
3.40,150.00,-118.6643348907069822
3.50,150.00,-142.6098950249867130
3.60,150.00,-149.2930537184562354
3.70,150.00,-145.6873619525960066
3.80,150.00,-136.3684884602736247
3.90,150.00,-124.2286736846120334
4.00,150.00,-111.0347378005182009
4.10,150.00,-97.8294905511317552
4.20,150.00,-85.2042004999648270
4.30,150.00,-73.4752762000949815
4.40,150.00,-62.7945484407010781
4.50,150.00,-53.2159586274930803
4.60,150.00,-44.7349481442745400
4.70,150.00,-37.3114889886936680
4.80,150.00,-30.8837130144998753
4.90,150.00,-25.3763357971816390
5.00,150.00,-20.7062658873638554
5.10,150.00,-16.7866747510642256
5.20,150.00,-13.5301546534078057
5.30,150.00,-10.8512429513732513
5.40,150.00,-8.6684230162362610
5.50,150.00,-6.9056451876505633
5.60,150.00,-5.4933958783683465
5.70,150.00,-4.3693496291691503
5.80,150.00,-3.4786513754872743
5.90,150.00,-2.7738866108294218
6.00,150.00,-2.2148025995622760
6.20,150.00,-1.4055623889119602
6.40,150.00,-0.8517531530301312
6.60,150.00,-0.4301897626841011
6.80,150.00,-0.0724439644939991
7.00,150.00,0.2536023543447641
7.20,150.00,0.5582104604338554
7.40,150.00,0.8401694391695180
7.60,150.00,1.0936492780463958
7.80,150.00,1.3122965506452928
8.00,150.00,1.4913539098290016
8.20,150.00,1.6284750044072460
8.40,150.00,1.7237556720475116
8.60,150.00,1.7793536497224309
8.80,150.00,1.7989431274045860
9.00,150.00,1.7871536566991963
9.50,150.00,1.6538725646622110
10.00,150.00,1.4323943405855042
10.50,150.00,1.1821791960266137
11.00,150.00,0.9411072893235597
11.50,150.00,0.7288366189240422
12.00,150.00,0.5524960485777131
12.50,150.00,0.4118225877768110
13.00,150.00,0.3028708378326804
13.50,150.00,0.2203454220667181
14.00,150.00,0.1589007959359485
14.50,150.00,0.1137651358245023
15.00,150.00,0.0809646881843348
16.00,150.00,0.0404321926858930
17.00,150.00,0.0199061151197334
18.00,150.00,0.0097004534409974
19.00,150.00,0.0046916888292067
20.00,150.00,0.0022565018959939
21.00,150.00,0.0010807260895780
22.00,150.00,0.0005159550055082
23.00,150.00,0.0002457271746216
24.00,150.00,0.0001168117525682
25.00,150.00,0.0000554496295141
50.00,150.00,0.0000000000004058
100.00,150.00,0.0000000000000000
2.00,155.00,-122643.7541402319766348
2.10,155.00,-56695.2882349052379141
2.20,155.00,-23322.5044026049399690
2.30,155.00,-7382.4324562040328601
2.40,155.00,-452.9735290598882784
2.50,155.00,2041.0106024064939447
2.60,155.00,2510.2479661106858657
2.70,155.00,2173.2321311815194349
2.80,155.00,1609.1976220432052287
2.90,155.00,1066.6957925350141068
3.00,155.00,631.7088238119837342
3.10,155.00,316.4211616463215933
3.20,155.00,104.1223668561259501
3.30,155.00,-29.4889337601285888
3.40,155.00,-107.2377760226070222
3.50,155.00,-147.4252164079719023
3.60,155.00,-163.5047077089548111
3.70,155.00,-164.8106515621452672
3.80,155.00,-157.5453332519521155
3.90,155.00,-145.6879577305895737
4.00,155.00,-131.7154702931916859
4.10,155.00,-117.1272699340116219
4.20,155.00,-102.8052661830473653
4.30,155.00,-89.2499349513593643
4.40,155.00,-76.7294056018317860
4.50,155.00,-65.3707891960586380
4.60,155.00,-55.2148897283385054
4.70,155.00,-46.2486648050002884
4.80,155.00,-38.4246888220807818
4.90,155.00,-31.6732819794546288
5.00,155.00,-25.9105918562552802
5.10,155.00,-21.0444246077545927
5.20,155.00,-16.9787416741912693
5.30,155.00,-13.6172514701249554
5.40,155.00,-10.8662810876001572
5.50,155.00,-8.6370075294740332
5.60,155.00,-6.8470955061112022
5.70,155.00,-5.4217896459064576
5.80,155.00,-4.2945207963659442
5.90,155.00,-3.4070976809689881
6.00,155.00,-2.7095618732716815
6.20,155.00,-1.7228815145098224
6.40,155.00,-1.0800911616392881
6.60,155.00,-0.6190815527034488
6.80,155.00,-0.2458742149887030
7.00,155.00,0.0870788976469683
7.20,155.00,0.3983449066719160
7.40,155.00,0.6903566028174950
7.60,155.00,0.9581259752631723
7.80,155.00,1.1946483489666200
8.00,155.00,1.3938789887807701
8.20,155.00,1.5520652916539497
8.40,155.00,1.6680565088889150
8.60,155.00,1.7430451797720661
8.80,155.00,1.7800479744805067
9.00,155.00,1.7833185066146715
9.50,155.00,1.6768601841119475
10.00,155.00,1.4685500406882412
10.50,155.00,1.2218317094186806
11.00,155.00,0.9785378450935562
11.50,155.00,0.7613026520216069
12.00,155.00,0.5791598701833972
12.50,155.00,0.4329057277315119
13.00,155.00,0.3190866023388843
13.50,155.00,0.2325604143798004
14.00,155.00,0.1679553392894894
14.50,155.00,0.1203925858582124
15.00,155.00,0.0857668498220143
16.00,155.00,0.0428959785199726
17.00,155.00,0.0211422187931032
18.00,155.00,0.0103110164592457
19.00,155.00,0.0049899225156293
20.00,155.00,0.0024009939508357
21.00,155.00,0.0011503101291068
22.00,155.00,0.0005493138344906
23.00,155.00,0.0002616649168422
24.00,155.00,0.0001244064835935
25.00,155.00,0.0000590615079080
50.00,155.00,0.0000000000004324
100.00,155.00,0.0000000000000000
2.00,160.00,-217448.1202121566748247
2.10,160.00,-106692.4750671538204188
2.20,160.00,-48772.2669421139507904
2.30,160.00,-19716.5793001527854358
2.40,160.00,-6002.6401484348798476
2.50,160.00,-150.6661746762199527
2.60,160.00,1875.7563314594071926
2.70,160.00,2185.9442564853256954
2.80,160.00,1834.4389452171240009
2.90,160.00,1314.6758990843638912
3.00,160.00,832.8002039376268613
3.10,160.00,455.7324302032722017
3.20,160.00,188.6083555916263776
3.30,160.00,13.4421811071233606
3.40,160.00,-92.8853756640469328
3.50,160.00,-151.2333059830012871
3.60,160.00,-177.9298931460991753
3.70,160.00,-184.7564605288438315
3.80,160.00,-179.7514168447580687
3.90,160.00,-168.1694292301291966
4.00,160.00,-153.3258666770670402
4.10,160.00,-137.2481429543148579
4.20,160.00,-121.1395670370051789
4.30,160.00,-105.6912820660394914
4.40,160.00,-91.2827042821077725
4.50,160.00,-78.1055195835915583
4.60,160.00,-66.2380616076926003
4.70,160.00,-55.6890106715496813
4.80,160.00,-46.4229773778664594
4.90,160.00,-38.3758520214234977
5.00,160.00,-31.4645924930965180
5.10,160.00,-25.5940524722176974
5.20,160.00,-20.6621920658405998
5.30,160.00,-16.5642969022567286
5.40,160.00,-13.1964589312047167
5.50,160.00,-10.4584030782874891
5.60,160.00,-8.2556863179820539
5.70,160.00,-6.5012923314714612
5.80,160.00,-5.1166623147739756
5.90,160.00,-4.0322229360607338
6.00,160.00,-3.1874877782746154
6.20,160.00,-2.0189143568063344
6.40,160.00,-1.2937941088383411
6.60,160.00,-0.8046248664920341
6.80,160.00,-0.4272372151987867
7.00,160.00,-0.0958923244023993
7.20,160.00,0.2174835795190333
7.40,160.00,0.5190582875398917
7.60,160.00,0.8041035936941725
7.80,160.00,1.0640602314686305
8.00,160.00,1.2906210251403749
8.20,160.00,1.4777350352211371
8.40,160.00,1.6222755562052313
8.60,160.00,1.7239301513197294
8.80,160.00,1.7847013058140249
9.00,160.00,1.8082684600782120
9.50,160.00,1.7365806197184197
10.00,160.00,1.5430481962069131
10.50,160.00,1.2972203961831488
11.00,160.00,1.0469266551667522
11.50,160.00,0.8192608128928801
12.00,160.00,0.6260556363911707
12.50,160.00,0.4696091341894177
13.00,160.00,0.3471098150712073
13.50,160.00,0.2535545961750183
14.00,160.00,0.1834526238104826
14.50,160.00,0.1316987385191382
15.00,160.00,0.0939378289714133
16.00,160.00,0.0470721536964081
17.00,160.00,0.0232319822915381
18.00,160.00,0.0113413391955911
19.00,160.00,0.0054925216831178
20.00,160.00,0.0026442613833823
21.00,160.00,0.0012673766363721
22.00,160.00,0.0006054050735073
23.00,160.00,0.0002884522675220
24.00,160.00,0.0001371672554676
25.00,160.00,0.0000651287524171
50.00,160.00,0.0000000000004770
100.00,160.00,0.0000000000000000
2.00,165.00,-290375.8766924965893850
2.10,165.00,-144692.7108658064389601
2.20,165.00,-67762.3766004084318411
2.30,165.00,-28645.6446799865225330
2.40,165.00,-9801.6466233101909893
2.50,165.00,-1468.7953157258446026
2.60,165.00,1661.4438502236748718
2.70,165.00,2391.5806841224302843
2.80,165.00,2142.9638574095888544
2.90,165.00,1595.5989702642059456
3.00,165.00,1045.2436866529874351
3.10,165.00,598.0456852385682396
3.20,165.00,273.4225691579023305
3.30,165.00,56.2056454999838024
3.40,165.00,-78.5189981398679038
3.50,165.00,-154.7391674441203122
3.60,165.00,-191.8296031026688979
3.70,165.00,-204.0397995841174179
3.80,165.00,-201.2226801811272026
3.90,165.00,-189.8842087459587447
4.00,165.00,-174.1623405908316045
4.10,165.00,-156.6047516248416400
4.20,165.00,-138.7332835522134360
4.30,165.00,-121.4287876351081081
4.40,165.00,-105.1810390613691766
4.50,165.00,-90.2445790823755374
4.60,165.00,-76.7326598438147016
4.70,165.00,-64.6724653743521571
4.80,165.00,-54.0372303472220210
4.90,165.00,-44.7652005719196779
5.00,165.00,-36.7714183324308976
5.10,165.00,-29.9557175103699080
5.20,165.00,-24.2087067547565766
5.30,165.00,-19.4165878361923774
5.40,165.00,-15.4651591754106619
5.50,165.00,-12.2431195996732356
5.60,165.00,-9.6446995701138292
5.70,165.00,-7.5716335903269680
5.80,165.00,-5.9345049528825626
5.90,165.00,-4.6535186889321665
6.00,165.00,-3.6587791199933548
6.20,165.00,-2.2968632109254514
6.40,165.00,-1.4754917052802199
6.60,165.00,-0.9461596817511548
6.80,165.00,-0.5568425008323459
7.00,165.00,-0.2243618577197708
7.20,165.00,0.0891683642646868
7.40,165.00,0.3945481295052673
7.60,165.00,0.6884427839481972
7.80,165.00,0.9618698667037329
8.00,165.00,1.2052492763613571
8.20,165.00,1.4110148218077114
8.40,165.00,1.5746267579169348
8.60,165.00,1.6946273070086164
8.80,165.00,1.7721935490316572
9.00,165.00,1.8104863810116143
9.50,165.00,1.7653570806468126
10.00,165.00,1.5848248532516496
10.50,165.00,1.3420928107971331
11.00,165.00,1.0889533289754587
11.50,165.00,0.8555886998951768
12.00,165.00,0.6558434549197630
12.50,165.00,0.4931444278092252
13.00,165.00,0.3652051034160188
13.50,165.00,0.2671832463140522
14.00,165.00,0.1935545002381137
14.50,165.00,0.1390927454261404
15.00,165.00,0.0992955305261214
16.00,165.00,0.0498211335433087
17.00,165.00,0.0246112551312300
18.00,165.00,0.0120226537660538
19.00,165.00,0.0058253274373863
20.00,165.00,0.0028055081366812
21.00,165.00,0.0013450310963454
22.00,165.00,0.0006426335244517
23.00,165.00,0.0003062390176875
24.00,165.00,0.0001456431689604
25.00,165.00,0.0000691597315201
50.00,165.00,0.0000000000005067
100.00,165.00,0.0000000000000000
2.00,170.00,-380664.0178105958621018
2.10,170.00,-192995.2959562960313633
2.20,170.00,-92814.6548243382567307
2.30,170.00,-41109.8070681950412109
2.40,170.00,-15642.5798148279136512
2.50,170.00,-3954.6894084435562036
2.60,170.00,786.1523366856847588
2.70,170.00,2227.0617502102236358
2.80,170.00,2246.5093793501127948
2.90,170.00,1764.4206893396303713
3.00,170.00,1197.3431577320670840
3.10,170.00,708.6566079834069569
3.20,170.00,342.3246399422944251
3.30,170.00,91.7661468297102374
3.40,170.00,-66.5297735180262180
3.50,170.00,-157.9324104372967668
3.60,170.00,-203.9190849335724351
3.70,170.00,-220.7003144937718844
3.80,170.00,-219.6691284235009789
3.90,170.00,-208.4301532945910367
4.00,170.00,-191.8542654696358341
4.10,170.00,-172.9524676723382299
4.20,170.00,-153.5258872495840592
4.30,170.00,-134.6162745733587371
4.40,170.00,-116.8019498465797597
4.50,170.00,-100.3837918098078035
4.60,170.00,-85.4977811594857826
4.70,170.00,-72.1810467900664889
4.80,170.00,-60.4099123521666002
4.90,170.00,-50.1218967574878889
5.00,170.00,-41.2289611271104661
5.10,170.00,-33.6261843618162288
5.20,170.00,-27.1980950152295406
5.30,170.00,-21.8237349578232056
5.40,170.00,-17.3809022379459179
5.50,170.00,-13.7497146827714687
5.60,170.00,-10.8155145276176654
5.70,170.00,-8.4711091527659050
5.80,170.00,-6.6183602180760204
5.90,170.00,-5.1691630188745137
6.00,170.00,-4.0458846410447791
6.20,170.00,-2.5184517021707080
6.40,170.00,-1.6155352797824065
6.60,170.00,-1.0535234612386830
6.80,170.00,-0.6562056453081340
7.00,170.00,-0.3250781491698476
7.20,170.00,-0.0135393450529762
7.40,170.00,0.2933679116748706
7.60,170.00,0.5935777149026720
7.80,170.00,0.8777343939778994
8.00,170.00,1.1351036627749274
8.20,170.00,1.3567325540584356
8.40,170.00,1.5367775435120912
8.60,170.00,1.6727146775957085
8.80,170.00,1.7649438444873820
9.00,170.00,1.8161287152099543
9.50,170.00,1.7942465785649881
10.00,170.00,1.6249289065133112
10.50,170.00,1.3845604933317324
11.00,170.00,1.1284737751035891
11.50,170.00,0.8896336899847715
12.00,170.00,0.6837029518426363
12.50,170.00,0.5151277858430863
13.00,170.00,0.3820924692455635
13.50,170.00,0.2798943227501975
14.00,170.00,0.2029720072428531
14.50,170.00,0.1459834872779489
15.00,170.00,0.1042872495979325
16.00,170.00,0.0523813671556891
17.00,170.00,0.0258955045208731
18.00,170.00,0.0126569193417330
19.00,170.00,0.0061351121536890
20.00,170.00,0.0029555872835918
21.00,170.00,0.0014173024479869
22.00,170.00,0.0006772794742049
23.00,170.00,0.0003227912746624
24.00,170.00,0.0001535305757586
25.00,170.00,0.0000729107429538
50.00,170.00,0.0000000000005343
100.00,170.00,0.0000000000000000
2.00,175.00,-458329.3695961246266961
2.10,175.00,-235118.0515199051005766
2.20,175.00,-115066.1150149481982226
2.30,175.00,-52471.2123680559088825
2.40,175.00,-21181.6329041139833862
2.50,175.00,-6478.0067133522552467
2.60,175.00,-240.5529390342198894
2.70,175.00,1898.3407254074274988
2.80,175.00,2211.8866982553718117
2.90,175.00,1830.5896730361657774
3.00,175.00,1279.4757531966122315
3.10,175.00,775.1596895531749851
3.20,175.00,385.8750479294243405
3.30,175.00,114.7602620745187778
3.40,175.00,-58.8404799560980791
3.50,175.00,-160.3596596474753824
3.60,175.00,-212.3363132538632954
3.70,175.00,-232.1833638662479871
3.80,175.00,-232.3103548659873923
3.90,175.00,-221.0736995277211463
4.00,175.00,-203.8547306573698279
4.10,175.00,-183.9887587267906497
4.20,175.00,-163.4710352975365595
4.30,175.00,-143.4527423948795217
4.40,175.00,-124.5698597315191023
4.50,175.00,-107.1511134547000665
4.60,175.00,-91.3441891474157615
4.70,175.00,-77.1897262143922944
4.80,175.00,-64.6636475924892693
4.90,175.00,-53.7012602455287720
5.00,175.00,-44.2114058348011270
5.10,175.00,-36.0854551179061787
5.20,175.00,-29.2037234312330725
5.30,175.00,-23.4405625769572339
5.40,175.00,-18.6686537972908582
5.50,175.00,-14.7626639340595887
5.60,175.00,-11.6022781225182712
5.70,175.00,-9.0745870080091890
5.80,175.00,-7.0758229038640934
5.90,175.00,-5.5124724001277912
6.00,175.00,-4.3018246281757087
6.20,175.00,-2.6618120485366745
6.40,175.00,-1.7036825851006370
6.60,175.00,-1.1200706921762844
6.80,175.00,-0.7182216183772567
7.00,175.00,-0.3890453035358448
7.20,175.00,-0.0798621610385624
7.40,175.00,0.2272166126438435
7.60,175.00,0.5310415197351119
7.80,175.00,0.8220148179366689
8.00,175.00,1.0886006159178052
8.20,175.00,1.3208704887641005
8.40,175.00,1.5120561710102507
8.60,175.00,1.6588715413543156
8.80,175.00,1.7611557055618192
9.00,175.00,1.8212085186771390
9.50,175.00,1.8153542654090966
10.00,175.00,1.6537431602302108
10.50,175.00,1.4149175885987342
11.00,175.00,1.1566648603828147
11.50,175.00,0.9138948939405984
12.00,175.00,0.7035461531422184
12.50,175.00,0.5307813528608458
13.00,175.00,0.3941155092452602
13.50,175.00,0.2889432267469422
14.00,175.00,0.2096758924389712
14.50,175.00,0.1508885271263605
15.00,175.00,0.1078404351499485
16.00,175.00,0.0542037427800375
17.00,175.00,0.0268096245875979
18.00,175.00,0.0131083828396106
19.00,175.00,0.0063556128938586
20.00,175.00,0.0030624114377802
21.00,175.00,0.0014687440653502
22.00,175.00,0.0007019398912073
23.00,175.00,0.0003345728888415
24.00,175.00,0.0001591446937673
25.00,175.00,0.0000755806458790
50.00,175.00,0.0000000000005540
100.00,175.00,0.0000000000000000
2.00,180.00,-488917.9938499146373942
2.10,180.00,-251803.2076967766042799
2.20,180.00,-123945.8842203493259149
2.30,180.00,-57051.3288879680039827
2.40,180.00,-23447.6645497551071458
2.50,180.00,-7534.7119691856114514
2.60,180.00,-689.4274260067875275
2.70,180.00,1738.6115400113806118
2.80,180.00,2178.3758911694376366
2.90,180.00,1844.0294192302874308
3.00,180.00,1304.0973701144087045
3.10,180.00,796.8334479409172673
3.20,180.00,400.5562527819331535
3.30,180.00,122.6186842104699508
3.40,180.00,-56.2395423484255161
3.50,180.00,-161.2923417508935700
3.60,180.00,-215.3763616334822473
3.70,180.00,-236.3008678618713247
3.80,180.00,-236.8273502932929659
3.90,180.00,-225.5785068113905254
4.00,180.00,-208.1185937823479435
4.10,180.00,-187.8996981214476705
4.20,180.00,-166.9868822698907138
4.30,180.00,-146.5703352338391028
4.40,180.00,-127.3061610281700951
4.50,180.00,-109.5323725577182472
4.60,180.00,-93.4001478394783362
4.70,180.00,-78.9507652029157612
4.80,180.00,-66.1595130116511996
4.90,180.00,-54.9605532557436050
5.00,180.00,-45.2613852473343172
5.10,180.00,-36.9519326155204055
5.20,180.00,-29.9109635955272211
5.30,180.00,-24.0111688767346720
5.40,180.00,-19.1234517445183485
5.50,180.00,-15.1206008851512763
5.60,180.00,-11.8803567263075536
5.70,180.00,-9.2878427035311120
5.80,180.00,-7.2373487848169589
5.90,180.00,-5.6334889146587557
6.00,180.00,-4.3917875632787400
6.20,180.00,-2.7116840800252362
6.40,180.00,-1.7338661483491649
6.60,180.00,-1.1425856603474358
6.80,180.00,-0.7392130094160905
7.00,180.00,-0.4108753044620670
7.20,180.00,-0.1027054471966764
7.40,180.00,0.2042519438807844
7.60,180.00,0.5091911116277572
7.80,180.00,0.8024392038037966
8.00,180.00,1.0721803430020813
8.20,180.00,1.3081399583131308
8.40,180.00,1.5032188908306807
8.60,180.00,1.6538564350098390
8.80,180.00,1.7596881562156312
9.00,180.00,1.8228804526539104
9.50,180.00,1.8227294522198916
10.00,180.00,1.6638869368824700
10.50,180.00,1.4256409136547363
11.00,180.00,1.1666433041137854
11.50,180.00,0.9224940236433412
12.00,180.00,0.7105862009279601
12.50,180.00,0.5363389868860196
13.00,180.00,0.3983865056835487
13.50,180.00,0.2921590795947664
14.00,180.00,0.2120591619100679
14.50,180.00,0.1526327676047348
15.00,180.00,0.1091042302970673
16.00,180.00,0.0548521361298470
17.00,180.00,0.0271349379961175
18.00,180.00,0.0132690736238083
19.00,180.00,0.0064341055131456
20.00,180.00,0.0031004413554742
21.00,180.00,0.0014870586995948
22.00,180.00,0.0007107201016686
23.00,180.00,0.0003387678230092
24.00,180.00,0.0001611436992513
25.00,180.00,0.0000765313320897
50.00,180.00,0.0000000000005610
100.00,180.00,0.0000000000000000
