2.00,0.00,18605.3870299034824711
2.10,0.00,11952.6551593578824395
2.20,0.00,7678.7419218371251191
2.30,0.00,4933.0526745780152851
2.40,0.00,3169.1400671972473901
2.50,0.00,2035.9500350103426172
2.60,0.00,1307.9549837393237794
2.70,0.00,840.2692649968921614
2.80,0.00,539.8140199595234208
2.90,0.00,346.7926155146684550
3.00,0.00,113.5563140812123493
3.10,0.00,40.0775276879910649
3.20,0.00,-2.2548780747766561
3.30,0.00,-24.4867149883234596
3.40,0.00,-34.2219396188223399
3.50,0.00,-36.5630085682570467
3.60,0.00,-34.8380972966211431
3.70,0.00,-31.1460285525147711
3.80,0.00,-26.7540487111106664
3.90,0.00,-22.3814874739721894
4.00,0.00,-18.3975912076653429
4.10,0.00,-14.9564207793081696
4.20,0.00,-12.0866220498960857
4.30,0.00,-9.7495147858185884
4.40,0.00,-7.8754057015513137
4.50,0.00,-6.3852677556911903
4.60,0.00,-5.2028327374087162
4.70,0.00,-4.2605934157379632
4.80,0.00,-3.5020872756189956
4.90,0.00,-2.8820343059757718
5.00,0.00,-2.3653432097057312
5.10,0.00,-1.9256183020493820
5.20,0.00,-1.5435432009602010
5.30,0.00,-1.2053497957402499
5.40,0.00,-0.9014745105861330
5.50,0.00,-0.6254388354418208
5.60,0.00,-0.3729535161138096
5.70,0.00,-0.1412259593322664
5.80,0.00,0.0715583324381281
5.90,0.00,0.2666115880008535
6.00,0.00,0.4448065459102801
6.20,0.00,0.7534062404396320
6.40,0.00,1.0027591801562752
6.60,0.00,1.1987985591739019
6.80,0.00,1.3482077485435082
7.00,0.00,1.4580511861926020
7.20,0.00,1.5352918777959281
7.40,0.00,1.5863974713421356
7.60,0.00,1.6170925200951678
7.80,0.00,1.6322476636351180
8.00,0.00,1.6358722735082991
8.20,0.00,1.6311740749049417
8.40,0.00,1.6206550789754364
8.60,0.00,1.6062214317682393
8.80,0.00,1.5892925456001352
9.00,0.00,1.5709010421530281
9.50,0.00,1.5227845055250049
10.00,0.00,1.4758106631131440
10.50,0.00,1.4319025112005599
11.00,0.00,1.3911853824474021
11.50,0.00,1.3532033700411825
12.00,0.00,1.3174176723046864
12.50,0.00,1.2833740058379708
13.00,0.00,1.2507341674400065
13.50,0.00,1.2192607049371367
14.00,0.00,1.1887912354509651
14.50,0.00,1.1592152798938702
15.00,0.00,1.1304567639060241
16.00,0.00,1.0751909229426324
17.00,0.00,1.0227040779137890
18.00,0.00,0.9728080699776483
19.00,0.00,0.9253569769413172
20.00,0.00,0.8802243241484249
21.00,0.00,0.8372943718261158
22.00,0.00,0.7964587102945982
23.00,0.00,0.7576148380618192
24.00,0.00,0.7206654813100244
25.00,0.00,0.6855181944550945
50.00,0.00,0.1964042480490091
100.00,0.00,0.0161218424308308
2.00,5.00,18351.4576040159154218
2.10,5.00,11788.3374983355315635
2.20,5.00,7572.4176233419848359
2.30,5.00,4864.2574638193791543
2.40,5.00,3124.6296561071108044
2.50,5.00,2007.1533138293107186
2.60,5.00,1289.3254140828937579
2.70,5.00,828.2177609185829397
2.80,5.00,532.0182569959729335
2.90,5.00,341.7500072240740678
3.00,5.00,110.8260978178474403
3.10,5.00,38.4702211492464414
3.20,5.00,-3.1542034341978216
3.30,5.00,-24.9483495135897364
3.40,5.00,-34.4208245317237669
3.50,5.00,-36.6110631987847910
3.60,5.00,-34.8056263884575401
3.70,5.00,-31.0760019303549093
3.80,5.00,-26.6716662235100443
3.90,5.00,-22.3005884166190640
4.00,5.00,-18.3249323379593179
4.10,5.00,-14.8945063250759482
4.20,5.00,-12.0355482212393543
4.30,5.00,-9.7081453141951428
4.40,5.00,-7.8420966321475749
4.50,5.00,-6.3582924227049640
4.60,5.00,-5.1806111666686387
4.70,5.00,-4.2417977200388606
4.80,5.00,-3.4856716329473634
4.90,5.00,-2.8672219627627795
5.00,5.00,-2.3515916572141800
5.10,5.00,-1.9125759498403323
5.20,5.00,-1.5310055288862654
5.30,5.00,-1.1932193910780879
5.40,5.00,-0.8897270706474547
5.50,5.00,-0.6140957605022765
5.60,5.00,-0.3620608588359988
5.70,5.00,-0.1308390379098607
5.80,5.00,0.0813855496427514
5.90,5.00,0.2758332567483128
6.00,5.00,0.4533887541384547
6.20,5.00,0.7606620340005288
6.40,5.00,1.0087105282385942
6.60,5.00,1.2035479585047886
6.80,5.00,1.3519076124000580
7.00,5.00,1.4608758549966883
7.20,5.00,1.5374163533366252
7.40,5.00,1.5879834815167073
7.60,5.00,1.6182808781030031
7.80,5.00,1.6331553385670798
8.00,5.00,1.6365926140967473
8.20,5.00,1.6317788991569975
8.40,5.00,1.6211976771189960
8.60,5.00,1.6067398387985865
8.80,5.00,1.5898126878921424
9.00,5.00,1.5714395444854081
9.50,5.00,1.5234008595994992
10.00,5.00,1.4765074512557133
10.50,5.00,1.4326603842776566
11.00,5.00,1.3919818165344200
11.50,5.00,1.3540194694930920
12.00,5.00,1.3182395839112324
12.50,5.00,1.2841923218209359
13.00,5.00,1.2515428300328588
13.50,5.00,1.2200559875529029
14.00,5.00,1.1895709585351002
14.50,5.00,1.1599782591410306
15.00,5.00,1.1312024412983119
16.00,5.00,1.0759017202117012
17.00,5.00,1.0233807602664142
18.00,5.00,0.9734519536002083
19.00,5.00,0.9259695329670612
20.00,5.00,0.8808070330702233
21.00,5.00,0.8378486718581898
22.00,5.00,0.7969859805333854
23.00,5.00,0.7581163944029781
24.00,5.00,0.7211425769657686
25.00,5.00,0.6859720220672869
50.00,5.00,0.1965342718704830
100.00,5.00,0.0161325154360375
2.00,10.00,17619.5068700965348398
2.10,10.00,11314.3417870849734754
2.20,10.00,7265.4888141188848749
2.30,10.00,4665.5235188618917164
2.40,10.00,2995.9594270868278727
2.50,10.00,1923.8511717844655777
2.60,10.00,1235.3983494280457762
2.70,10.00,793.3093287844644692
2.80,10.00,509.4224801480642100
2.90,10.00,327.1249358403939027
3.00,10.00,102.9247081213260202
3.10,10.00,33.8213259704510136
3.20,10.00,-5.7514980138292344
3.30,10.00,-26.2772499497737186
3.40,10.00,-34.9886790050242524
3.50,10.00,-36.7426033520546937
3.60,10.00,-34.7048499013897569
3.70,10.00,-30.8675324954939363
3.80,10.00,-26.4285032363704779
3.90,10.00,-22.0627255323620730
4.00,10.00,-18.1117954273519892
4.10,10.00,-14.7131853463075153
4.20,10.00,-11.8861627758520321
4.30,10.00,-9.5872628118580714
4.40,10.00,-7.7448377352291002
4.50,10.00,-6.2795632921602227
4.60,10.00,-5.1157663334780086
4.70,10.00,-4.1869422473583233
4.80,10.00,-3.4377442459288092
4.90,10.00,-2.8239537034070774
5.00,10.00,-2.3114016544545635
5.10,10.00,-1.8744430573739526
5.20,10.00,-1.4943389954559283
5.30,10.00,-1.1577413054672419
5.40,10.00,-0.8553725492643220
5.50,10.00,-0.5809326141587325
5.60,10.00,-0.3302279858225838
5.70,10.00,-0.1005014662295511
5.80,10.00,0.1100676168854597
5.90,10.00,0.3027241392308762
6.00,10.00,0.4783883107775784
6.20,10.00,0.7817391507750497
6.40,10.00,1.0259306154999830
6.60,10.00,1.2172136710328556
6.80,10.00,1.3624684513144070
7.00,10.00,1.4688457566948829
7.20,10.00,1.5433111680250651
7.40,10.00,1.5922800378002793
7.60,10.00,1.6213945469537281
7.80,10.00,1.6354314294712284
8.00,10.00,1.6383070229819843
8.20,10.00,1.6331442296281375
8.40,10.00,1.6223720413037108
8.60,10.00,1.6078364508427327
8.80,10.00,1.5909090908932275
9.00,10.00,1.5725858446262213
9.50,10.00,1.5247705306073593
10.00,10.00,1.4781134221443477
10.50,10.00,1.4344495392751864
11.00,10.00,1.3938904439758013
11.50,10.00,1.3559935944060773
12.00,10.00,1.3202394097601509
12.50,10.00,1.2861906911446148
13.00,10.00,1.2535221564456651
13.50,10.00,1.2220053632509114
14.00,10.00,1.1914839161051662
14.50,10.00,1.1618511922463983
15.00,10.00,1.1330335469143178
16.00,10.00,1.0776477962785775
17.00,10.00,1.0250432634735691
18.00,10.00,0.9750339605116739
19.00,10.00,0.9274746000580654
20.00,10.00,0.8822387765429281
21.00,10.00,0.8392106175881829
22.00,10.00,0.7982815141343285
23.00,10.00,0.7593487480389591
24.00,10.00,0.7223148294604868
25.00,10.00,0.6870871036684030
50.00,10.00,0.1968537481947932
100.00,10.00,0.0161587396496789
2.00,15.00,16491.7088312896048592
2.10,15.00,10583.0644477510613797
2.20,15.00,6791.3673622925771269
2.30,15.00,4358.1583460369220120
2.40,15.00,2796.7187100771930091
2.50,15.00,1794.7111881348735096
2.60,15.00,1151.7026139277286347
2.70,15.00,739.0709545341519515
2.80,15.00,474.2768395507870309
2.90,15.00,304.3530788949281600
3.00,15.00,90.6644861900626893
3.10,15.00,26.6149142256792253
3.20,15.00,-9.7651629932682091
3.30,15.00,-28.3162959330699913
3.40,15.00,-35.8441384594460644
3.50,15.00,-36.9214462934624947
3.60,15.00,-34.5255886654393009
3.70,15.00,-30.5245026996787203
3.80,15.00,-26.0351935751626193
3.90,15.00,-21.6809462808612352
4.00,15.00,-17.7712029611427909
4.10,15.00,-14.4242133783901281
4.20,15.00,-11.6484465300247280
4.30,15.00,-9.3949959323711880
4.40,15.00,-7.5900608247516459
4.50,15.00,-6.1540777875986654
4.60,15.00,-5.0121538857385630
4.70,15.00,-4.0990193743473151
4.80,15.00,-3.3606758905671903
4.90,15.00,-2.7541746039543860
5.00,15.00,-2.2464421769003993
5.10,15.00,-1.8127199962060818
5.20,15.00,-1.4349472436576345
5.30,15.00,-1.1002659021311796
5.40,15.00,-0.7997300095907363
5.50,15.00,-0.5272438667805366
5.60,15.00,-0.2787214081445322
5.70,15.00,-0.0514425024727279
5.80,15.00,0.1564245980786196
5.90,15.00,0.3461661937476646
6.00,15.00,0.5187606083843752
6.20,15.00,0.8157660756219025
6.40,15.00,1.0537390051247226
6.60,15.00,1.2393051564030650
6.80,15.00,1.3795739954562376
7.00,15.00,1.4817944881263119
7.20,15.00,1.5529316045837769
7.40,15.00,1.5993358789920600
7.60,15.00,1.6265498469994173
7.80,15.00,1.6392376086548335
8.00,15.00,1.6412044052439909
8.20,15.00,1.6354721157160332
8.40,15.00,1.6243829104598269
8.60,15.00,1.6097113280171298
8.80,15.00,1.5927722686162509
9.00,15.00,1.5745179887195269
9.50,15.00,1.5270361774533385
10.00,15.00,1.4807387148659559
10.50,15.00,1.4373546068194833
11.00,15.00,1.3969774436682887
11.50,15.00,1.3591791638109758
12.00,15.00,1.3234619465360196
12.50,15.00,1.2894081228416607
13.00,15.00,1.2567072404068713
13.50,15.00,1.2251412189256059
14.00,15.00,1.1945605573749893
14.50,15.00,1.1648630768910435
15.00,15.00,1.1359779339712108
16.00,15.00,1.0804552312791149
17.00,15.00,1.0277162420911981
18.00,15.00,0.9775774861344564
19.00,15.00,0.9298944117284202
20.00,15.00,0.8845406960443780
21.00,15.00,0.8414003165799645
22.00,15.00,0.8003644369618322
23.00,15.00,0.7613300916713877
24.00,15.00,0.7241995440862377
25.00,15.00,0.6888799005095627
50.00,15.00,0.1973673932399730
100.00,15.00,0.0162009022025057
2.00,20.00,15084.5598354764351825
2.10,20.00,9669.0698158646191587
2.20,20.00,6197.7884753513872056
2.30,20.00,3972.7277511403212884
2.40,20.00,2546.4834509031184098
2.50,20.00,1632.2734332505262955
2.60,20.00,1046.2728748347265082
2.70,20.00,670.6516851376758268
2.80,20.00,429.8818153429164681
2.90,20.00,275.5504522807310650
3.00,20.00,75.2273225830094248
3.10,20.00,17.5590606758775287
3.20,20.00,-14.7825463291541439
3.30,20.00,-30.8359261788718406
3.40,20.00,-36.8696132789633708
3.50,20.00,-37.0968730292550077
3.60,20.00,-34.2554988894224124
3.70,20.00,-30.0551361588039541
3.80,20.00,-25.5096288305142700
3.90,20.00,-21.1763704257680416
4.00,20.00,-17.3239175104636551
4.10,20.00,-14.0462051645988808
4.20,20.00,-11.3381701303243201
4.30,20.00,-9.1442092665498205
4.40,20.00,-7.3879990154616006
4.50,20.00,-5.9898608556905835
4.60,20.00,-4.8760490401308223
4.70,20.00,-3.9829840441029214
4.80,20.00,-3.2584698962884975
4.90,20.00,-2.6612328037426840
5.00,20.00,-2.1596311095058143
5.10,20.00,-1.7300552602714769
5.20,20.00,-1.3553166280865565
5.30,20.00,-1.0231822615918487
5.40,20.00,-0.7251243790684914
5.50,20.00,-0.4553010144076235
5.60,20.00,-0.2097552632482624
5.70,20.00,0.0141935304199938
5.80,20.00,0.2183983625261756
5.90,20.00,0.4042044920723413
6.00,20.00,0.5726693665536251
6.20,20.00,0.8611779092128602
6.40,20.00,1.0908632463704102
6.60,20.00,1.2688363469118873
6.80,20.00,1.4024984258243376
7.00,20.00,1.4992185145303851
7.20,20.00,1.5659537725440411
7.40,20.00,1.6089646974856371
7.60,20.00,1.6336598956132413
7.80,20.00,1.6445538886725519
8.00,20.00,1.6453053232674113
8.20,20.00,1.6388033034316449
8.40,20.00,1.6272761876867632
8.60,20.00,1.6124050075782999
8.80,20.00,1.5954304978136624
9.00,20.00,1.5772479060250082
9.50,20.00,1.5301632587581737
10.00,20.00,1.4843069365977291
10.50,20.00,1.4412677067280597
11.00,20.00,1.4011137159435514
11.50,20.00,1.3634340597737482
12.00,20.00,1.3277579622627300
12.50,20.00,1.2936922666640094
13.00,20.00,1.2609452063807620
13.50,20.00,1.2293117824595996
14.00,20.00,1.1986512063129935
14.50,20.00,1.1688669175596778
15.00,20.00,1.1398916148254132
16.00,20.00,1.0841864586420613
17.00,20.00,1.0312686159955173
18.00,20.00,0.9809577609713308
19.00,20.00,0.9331102532615484
20.00,20.00,0.8875998554875701
21.00,20.00,0.8443103365990483
22.00,20.00,0.8031325548027293
23.00,20.00,0.7639632146019241
24.00,20.00,0.7267042509619226
25.00,20.00,0.6912624524437663
50.00,20.00,0.1980500059883838
100.00,20.00,0.0162569344690196
2.00,25.00,13508.5626521552912891
2.10,25.00,8650.7999211980204564
2.20,25.00,5539.9187318170788785
2.30,25.00,3547.7296706322954378
2.40,25.00,2271.9441250280642635
2.50,25.00,1454.9389571527262888
2.60,25.00,931.7339038936594307
2.70,25.00,596.6766257766722674
2.80,25.00,382.1080184593868694
2.90,25.00,244.6996102468530694
3.00,25.00,57.9634493127703436
3.10,25.00,7.4630900280080255
3.20,25.00,-20.3326145858267431
3.30,25.00,-33.5756682364267292
3.40,25.00,-37.9339647680877903
3.50,25.00,-37.2152118446274685
3.60,25.00,-33.8853362094271517
3.70,25.00,-29.4737978545006278
3.80,25.00,-24.8769542572765019
3.90,25.00,-20.5773160229462420
4.00,25.00,-16.7972056176395164
4.10,25.00,-13.6033013222249863
4.20,25.00,-10.9755948559345899
4.30,25.00,-8.8512989862404616
4.40,25.00,-7.1516019585998318
4.50,25.00,-5.7970068416998553
4.60,25.00,-4.7153135208860109
4.70,25.00,-3.8450398091371190
4.80,25.00,-3.1361588305648769
4.90,25.00,-2.5493767148784396
5.00,25.00,-2.0547216898311786
5.10,25.00,-1.6299090736597786
5.20,25.00,-1.2587445458600672
5.30,25.00,-0.9296988384141540
5.40,25.00,-0.6347074779805892
5.50,25.00,-0.3682028176210619
5.60,25.00,-0.1263606712106899
5.70,25.00,0.0934676040019780
5.80,25.00,0.2931701261164164
5.90,25.00,0.4741680136995718
6.00,25.00,0.6376153913219860
6.20,25.00,0.9158702278274637
6.40,25.00,1.1356231294312735
6.60,25.00,1.3045394030495130
6.80,25.00,1.4303448880180754
7.00,25.00,1.5205337992813319
7.20,25.00,1.5820422463299766
7.40,25.00,1.6210171489008780
7.60,25.00,1.6427053446646456
7.80,25.00,1.6514436519710001
8.00,25.00,1.6507180998098887
8.20,25.00,1.6432622963399026
8.40,25.00,1.6311717723746779
8.60,25.00,1.6160186566677084
8.80,25.00,1.5989573918907130
9.00,25.00,1.5808168924353274
9.50,25.00,1.5341088269698777
10.00,25.00,1.4887031347063160
10.50,25.00,1.4460209661685850
11.00,25.00,1.4060961522769699
11.50,25.00,1.3685336808565636
12.00,25.00,1.3328911148767946
12.50,25.00,1.2988015843121314
13.00,25.00,1.2659935444919517
13.50,25.00,1.2342762173528647
14.00,25.00,1.2035183088154728
14.50,25.00,1.1736293891666949
15.00,25.00,1.1445460239485121
16.00,25.00,1.0886230918317690
17.00,25.00,1.0354922909258717
18.00,25.00,0.9849767073065223
19.00,25.00,0.9369336585477882
20.00,25.00,0.8912369624129065
21.00,25.00,0.8477701227762496
22.00,25.00,0.8064236284163202
23.00,25.00,0.7670937891967501
24.00,25.00,0.7296821487722492
25.00,25.00,0.6940951176193207
50.00,25.00,0.1988615783578051
100.00,25.00,0.0163235523858468
2.00,30.00,11505.3511601494683418
2.10,30.00,7456.7818526893497619
2.20,30.00,4832.8464576716969532
2.30,30.00,3132.2365793772323741
2.40,30.00,2030.0471109763575441
2.50,30.00,1315.7024280722855565
2.60,30.00,852.7254711851225011
2.70,30.00,552.6635154677529727
2.80,30.00,358.1890909212298766
2.90,30.00,115.2349595090136631
3.00,30.00,40.3686869094194520
3.10,30.00,-3.0415486828561602
3.20,30.00,-26.0422872864805477
3.30,30.00,-36.2614472789464131
3.40,30.00,-38.8437433105161958
3.50,30.00,-37.1686190636247886
3.60,30.00,-33.3869165931280349
3.70,30.00,-28.8130445415174812
3.80,30.00,-24.2056590768374811
3.90,30.00,-19.9645407767620959
4.00,30.00,-16.2658593298471317
4.10,30.00,-13.1530420679266697
4.20,30.00,-10.5962612837670633
4.30,30.00,-8.5301673428486424
4.40,30.00,-6.8768512332973124
4.50,30.00,-5.5590102917823767
4.60,30.00,-4.5067950769176042
4.70,30.00,-3.6607231258049318
4.80,30.00,-2.9722617191697278
4.90,30.00,-2.4031292374413571
5.00,30.00,-1.9239819660378015
5.10,30.00,-1.5128931824213081
5.20,30.00,-1.1538585400964345
5.30,30.00,-0.8354499088570351
5.40,30.00,-0.5496698432855931
5.50,30.00,-0.2910170597610811
5.60,30.00,-0.0557500658775454
5.70,30.00,0.1586752822293798
5.80,30.00,0.3540225773766026
5.90,30.00,0.5315740886652720
6.00,30.00,0.6923380045841356
6.20,30.00,0.9669377474803900
6.40,30.00,1.1844476714339314
6.60,30.00,1.3516917145091858
6.80,30.00,1.4758200342312806
7.00,30.00,1.5639989779009973
7.20,30.00,1.6230340280144269
7.40,30.00,1.6590787293370945
7.60,30.00,1.6774686373939640
7.80,30.00,1.6826676608692424
8.00,30.00,1.6782965089811044
8.20,30.00,1.6672118986667337
8.40,30.00,1.6516108690998763
8.60,30.00,1.6331418960740911
8.80,30.00,1.6130111816742672
9.00,30.00,1.5920777056479725
9.50,30.00,1.5396448322068434
10.00,30.00,1.4901753093710275
10.50,30.00,1.4447626093784547
11.00,30.00,1.4030840959883317
11.50,30.00,1.3644427840682054
12.00,30.00,1.3281693030228612
12.50,30.00,1.2937377630393565
13.00,30.00,1.2607700673674154
13.50,30.00,1.2290061601274875
14.00,30.00,1.1982706357775481
14.50,30.00,1.1684453914950448
15.00,30.00,1.1394498196210496
16.00,30.00,1.0837366597757301
17.00,30.00,1.0308298467937145
18.00,30.00,0.9805363716711698
19.00,30.00,0.9327079356340440
20.00,30.00,0.8872166145532908
21.00,30.00,0.8439455861731632
22.00,30.00,0.8027855197456216
23.00,30.00,0.7636330775232798
24.00,30.00,0.7263902048811439
25.00,30.00,0.6909637189005455
50.00,30.00,0.1979644167320750
100.00,30.00,0.0162499088750333
2.00,35.00,10008.7769460582912870
2.10,35.00,6471.1117697899007908
2.20,35.00,4183.8566053372642273
2.30,35.00,2705.0461677611615414
2.40,35.00,1748.9305824642303833
2.50,35.00,1130.7600656628596880
2.60,35.00,731.0858069028151931
2.70,35.00,472.6789292310403425
2.80,35.00,305.6075880962947053
2.90,35.00,86.6476213520570155
3.00,35.00,23.1532228422069828
3.10,35.00,-12.9557417599583253
3.20,35.00,-31.3547470655799181
3.30,35.00,-38.7515736006822635
3.40,35.00,-39.6712285165140841
3.50,35.00,-37.0760576472490158
3.60,35.00,-32.8376571760602829
3.70,35.00,-28.0854327402415436
3.80,35.00,-23.4574875789984318
3.90,35.00,-19.2769297738390968
4.00,35.00,-15.6728491122822060
4.10,35.00,-12.6612487437057162
4.20,35.00,-10.1976465090655743
4.30,35.00,-8.2100768210667727
4.40,35.00,-6.6188469357136146
4.50,35.00,-5.3475724682171499
4.60,35.00,-4.3286475457102451
4.70,35.00,-3.5053029165592671
4.80,35.00,-2.8316871106315675
4.90,35.00,-2.2719010470454064
5.00,35.00,-1.7985688720347190
5.10,35.00,-1.3912934850997987
5.20,35.00,-1.0351910774913087
5.30,35.00,-0.7196005859866159
5.40,35.00,-0.4370034983868181
5.50,35.00,-0.1821542783168912
5.60,35.00,0.0485970592101872
5.70,35.00,0.2578170916543703
5.80,35.00,0.4473649031208593
5.90,35.00,0.6186594924209863
6.00,35.00,0.7728633041320463
6.20,35.00,1.0340425756555423
6.40,35.00,1.2386041807511272
6.60,35.00,1.3941330817808768
6.80,35.00,1.5082065072910984
7.00,35.00,1.5881401126420860
7.20,35.00,1.6406906631450737
7.40,35.00,1.6718410864176405
7.60,35.00,1.6866955327714934
7.80,35.00,1.6894692937762059
8.00,35.00,1.6835450887939474
8.20,35.00,1.6715677776021385
8.40,35.00,1.6555554071778884
8.60,35.00,1.6370113470080376
8.80,35.00,1.6170282442765445
9.00,35.00,1.5963790551625678
9.50,35.00,1.5448850160398959
10.00,35.00,1.4963019117809095
10.50,35.00,1.4515444536262643
11.00,35.00,1.4102791006097137
11.50,35.00,1.3718550131117038
12.00,35.00,1.3356575662842645
12.50,35.00,1.3012070544029490
13.00,35.00,1.2681594823844569
13.50,35.00,1.2362782567406370
14.00,35.00,1.2054034352352723
14.50,35.00,1.1754268202880389
15.00,35.00,1.1462740211640845
16.00,35.00,1.0902426921864472
17.00,35.00,1.0370240031737008
18.00,35.00,0.9864304386058049
19.00,35.00,0.9383152836328369
20.00,35.00,0.8925507607065580
21.00,35.00,0.8490196829548581
22.00,35.00,0.8076121867038913
23.00,35.00,0.7682243586941726
24.00,35.00,0.7307575716075778
25.00,35.00,0.6951180884705825
50.00,35.00,0.1991546638728770
100.00,35.00,0.0163476103099481
2.00,40.00,8636.5499292362783308
2.10,40.00,5570.7118400351746459
2.20,40.00,3593.1975915123598497
2.30,40.00,2317.6695012048480748
2.40,40.00,1494.9336294512636414
2.50,40.00,964.2559283377335078
2.60,40.00,621.9603847401281200
2.70,40.00,401.1743239711744309
2.80,40.00,258.7638090181175130
2.90,40.00,60.2709980664439726
3.00,40.00,7.3333491768209722
3.10,40.00,-21.9823755688418920
3.20,40.00,-36.1063912131227625
3.30,40.00,-40.8957952085369527
3.40,40.00,-40.2954521492755902
3.50,40.00,-36.8742910559287083
3.60,40.00,-32.2397367479788741
3.70,40.00,-27.3463882334907247
3.80,40.00,-22.7190206191606947
3.90,40.00,-18.6093211276882364
4.00,40.00,-15.1031363637155369
4.10,40.00,-12.1918153251433363
4.20,40.00,-9.8181705922280464
4.30,40.00,-7.9049397116927098
4.40,40.00,-6.3714902003733966
4.50,40.00,-5.1428518244791652
4.60,40.00,-4.1539125101488494
4.70,40.00,-3.3507013496461191
4.80,40.00,-2.6900294114754040
4.90,40.00,-2.1383024558802872
5.00,40.00,-1.6700072416508904
5.10,40.00,-1.2661643636352731
5.20,40.00,-0.9129048222978926
5.30,40.00,-0.6002421608784376
5.40,40.00,-0.3210606516357783
5.50,40.00,-0.0703110747594298
5.60,40.00,0.1556089510146290
5.70,40.00,0.3593188549014739
5.80,40.00,0.5427925246182608
5.90,40.00,0.7075962818519035
6.00,40.00,0.8550508974607103
6.20,40.00,1.1025607230865577
6.40,40.00,1.2940652683159504
6.60,40.00,1.4378609306731325
6.80,40.00,1.5419057827788900
7.00,40.00,1.6136298882719089
7.20,40.00,1.6597191372625479
7.40,40.00,1.6859746338036121
7.60,40.00,1.6972659613003773
7.80,40.00,1.6975617858256566
8.00,40.00,1.6900116087953037
8.20,40.00,1.6770542665691175
8.40,40.00,1.6605345961540068
8.60,40.00,1.6418159597419544
8.80,40.00,1.6218815792914032
9.00,40.00,1.6014214875530923
9.50,40.00,1.5506565877000167
10.00,40.00,1.5027988955629761
10.50,40.00,1.4585815226693164
11.00,40.00,1.4176507239675835
11.50,40.00,1.3793918433433929
12.00,40.00,1.3432366871885106
12.50,40.00,1.3087455584532368
13.00,40.00,1.2756042746002207
13.50,40.00,1.2435968492085825
14.00,40.00,1.2125769553527554
14.50,40.00,1.1824451274729677
15.00,40.00,1.1531324568052173
16.00,40.00,1.0967796143080131
17.00,40.00,1.0432469231445922
18.00,40.00,0.9923516377402997
19.00,40.00,0.9439483563776320
20.00,40.00,0.8979093459992936
21.00,40.00,0.8541170155588286
22.00,40.00,0.8124609520632448
23.00,40.00,0.7728366589703966
24.00,40.00,0.7351449317574485
25.00,40.00,0.6992914761643193
50.00,40.00,0.2003503597595894
100.00,40.00,0.0164457590051635
2.00,45.00,7433.7851758105480258
2.10,45.00,4775.3703338202194573
2.20,45.00,3067.6379913875798593
2.30,45.00,1970.6121595550202983
2.40,45.00,1265.8965283024008386
2.50,45.00,813.1960480391684314
2.60,45.00,522.3869390283622351
2.70,45.00,335.5748158459789465
2.80,45.00,112.6998248995604399
2.90,45.00,37.0640189361832881
3.00,45.00,-6.7635685372349537
3.10,45.00,-29.9402367001004173
3.20,45.00,-40.1543803123277172
3.30,45.00,-42.5936110929118641
3.40,45.00,-40.6741940377535798
3.50,45.00,-36.5803134803939116
3.60,45.00,-31.6558047418800612
3.70,45.00,-26.6839064095538347
3.80,45.00,-22.0836191145076590
3.90,45.00,-18.0450258246147470
4.00,45.00,-14.6206688661572812
4.10,45.00,-11.7858089322922694
4.20,45.00,-9.4770241236444051
4.30,45.00,-7.6160122970515749
4.40,45.00,-6.1234988723015649
4.50,45.00,-4.9266951919101123
4.60,45.00,-3.9626869769660260
4.70,45.00,-3.1793649815487894
4.80,45.00,-2.5349656356373922
4.90,45.00,-1.9969095695500767
5.00,45.00,-1.5403653872169676
5.10,45.00,-1.1467909386887873
5.20,45.00,-0.8025894225894687
5.30,45.00,-0.4979444802610558
5.40,45.00,-0.2258537166634567
5.50,45.00,0.0186456678605651
5.60,45.00,0.2390788605879282
5.70,45.00,0.4379884035030268
5.80,45.00,0.6172684890016087
5.90,45.00,0.7784032875468652
6.00,45.00,0.9226310760380421
6.20,45.00,1.1646981584777869
6.40,45.00,1.3516439033306329
6.60,45.00,1.4913270471778801
6.80,45.00,1.5914159407731259
7.00,45.00,1.6591846884028476
7.20,45.00,1.7012666623170680
7.40,45.00,1.7234796119880280
7.60,45.00,1.7307482407374526
7.80,45.00,1.7271111146913165
8.00,45.00,1.7157863110129630
8.20,45.00,1.6992704644819583
8.40,45.00,1.6794510845468018
8.60,45.00,1.6577182398879187
8.80,45.00,1.6350671959947805
9.00,45.00,1.6121877726247031
9.50,45.00,1.5565958645136637
10.00,45.00,1.5054013882266502
10.50,45.00,1.4589745208189167
11.00,45.00,1.4166320099545446
11.50,45.00,1.3775008130853112
12.00,45.00,1.3408264461813073
12.50,45.00,1.3060418811993828
13.00,45.00,1.2727489618178049
13.50,45.00,1.2406776742128551
14.00,45.00,1.2096475321630458
14.50,45.00,1.1795377411571975
15.00,45.00,1.1502661962319487
16.00,45.00,1.0940235951366168
17.00,45.00,1.0406144055315660
18.00,45.00,0.9898434881656677
19.00,45.00,0.9415610500043169
20.00,45.00,0.8956379249794029
21.00,45.00,0.8519561725311579
22.00,45.00,0.8104054208198250
23.00,45.00,0.7708813500275442
24.00,45.00,0.7332849743721307
25.00,45.00,0.6975222262978136
50.00,45.00,0.1998434605223029
100.00,45.00,0.0164041501819684
2.00,50.00,6408.2055337847377814
2.10,50.00,4096.2861980130792290
2.20,50.00,2618.4491941728192614
2.30,50.00,1673.7786011607208820
2.40,50.00,1069.9213916153728405
2.50,50.00,683.9206711343633742
2.60,50.00,437.1792994050427410
2.70,50.00,279.4560069536715901
2.80,50.00,79.9789866888140892
2.90,50.00,16.9483629923016608
3.00,50.00,-18.6773439413304736
3.10,50.00,-36.6147509611436774
3.20,50.00,-43.5663923954527519
3.30,50.00,-44.0452045234344993
3.40,50.00,-41.0075197458468921
3.50,50.00,-36.3264826853469103
3.60,50.00,-31.1381959874602003
3.70,50.00,-26.0896004415291785
3.80,50.00,-21.5124238086764734
3.90,50.00,-17.5427238377424750
4.00,50.00,-14.2011901022828262
4.10,50.00,-11.4456829737785206
4.20,50.00,-9.2045109860381054
4.30,50.00,-7.3966215421014709
4.40,50.00,-5.9431083325769336
4.50,50.00,-4.7731183561140300
4.60,50.00,-3.8262756842096763
4.70,50.00,-3.0530451745259892
4.80,50.00,-2.4139692774251937
4.90,50.00,-1.8783711300549317
5.00,50.00,-1.4228858334242414
5.10,50.00,-1.0300278698936034
5.20,50.00,-0.6869028529877399
5.30,50.00,-0.3841093065615018
5.40,50.00,-0.1148388183566385
5.50,50.00,0.1258378635185362
5.60,50.00,0.3415213785337421
5.70,50.00,0.5348971352645786
5.80,50.00,0.7080374850560278
5.90,50.00,0.8626163614375899
6.00,50.00,1.0000568462160433
6.20,50.00,1.2285093264191633
6.40,50.00,1.4026415801727250
6.60,50.00,1.5309896899999202
6.80,50.00,1.6215478535506045
7.00,50.00,1.6816509671888433
7.20,50.00,1.7178185981321465
7.40,50.00,1.7356566404255287
7.60,50.00,1.7398369047590105
7.80,50.00,1.7341422443104060
8.00,50.00,1.7215550382723523
8.20,50.00,1.7043677348082706
8.40,50.00,1.6842990012089565
8.60,50.00,1.6626045112709906
8.80,50.00,1.6401760979454989
9.00,50.00,1.6176264916420764
9.50,50.00,1.5630040655754678
10.00,50.00,1.5126667054765579
10.50,50.00,1.4668470910001594
11.00,50.00,1.4248687826987780
11.50,50.00,1.3859108699498095
12.00,50.00,1.3492745573949905
12.50,50.00,1.3144381715577407
13.00,50.00,1.2810364596937485
13.50,50.00,1.2488218098743318
14.00,50.00,1.2176283983332570
14.50,50.00,1.1873447756522744
15.00,50.00,1.1578946780420269
16.00,50.00,1.1012937640688669
17.00,50.00,1.0475350883278203
18.00,50.00,0.9964285214485883
19.00,50.00,0.9478256186633046
20.00,50.00,0.9015972214956552
21.00,50.00,0.8576249243755978
22.00,50.00,0.8157977388316269
23.00,50.00,0.7760106942637205
24.00,50.00,0.7381641622017882
25.00,50.00,0.7021634550448012
50.00,50.00,0.2011731951316441
100.00,50.00,0.0165133014455463
2.00,55.00,5550.0259962633335817
2.10,55.00,3533.6437611799128717
2.20,55.00,2249.8341880439115812
2.30,55.00,1432.4460007256263907
2.40,55.00,912.0234530611485297
2.50,55.00,580.6758359562784335
2.60,55.00,369.7102583620901441
2.70,55.00,142.3309846815625406
2.80,55.00,52.5813322053204431
2.90,55.00,-0.1277042309626770
3.00,55.00,-28.7712275358540950
3.10,55.00,-42.2044237512525058
3.20,55.00,-46.3834596554965870
3.30,55.00,-45.2415785787793041
3.40,55.00,-41.3153661011824056
3.50,55.00,-36.1898142517333881
3.60,55.00,-30.8121466478450685
3.70,55.00,-25.7109309360326783
3.80,55.00,-21.1472166756557591
3.90,55.00,-17.2172474068898325
4.00,55.00,-13.9209905650252566
4.10,55.00,-11.2068083963091336
4.20,55.00,-8.9996990607031364
4.30,55.00,-7.2184080441080294
4.40,55.00,-5.7851518176958177
4.50,55.00,-4.6305630653577525
4.60,55.00,-3.6956503481297824
4.70,55.00,-2.9319822840062177
4.80,55.00,-2.3008950592703101
4.90,55.00,-1.7722357289898663
5.00,55.00,-1.3229575109039837
5.10,55.00,-0.9357513317360187
5.20,55.00,-0.5978112763051562
5.30,55.00,-0.2997764912677061
5.40,55.00,-0.0348585323352359
5.50,55.00,0.2018559976498453
5.60,55.00,0.4139474009321771
5.70,55.00,0.6040730981625275
5.80,55.00,0.7742699919902563
5.90,55.00,0.9261710964824195
6.00,55.00,1.0611558074969367
6.20,55.00,1.2851901170514248
6.40,55.00,1.4553074185548625
6.60,55.00,1.5798112240002038
6.80,55.00,1.6665561167743710
7.00,55.00,1.7228201705976920
7.20,55.00,1.7551274380515718
7.40,55.00,1.7691259985446814
7.60,55.00,1.7695471050085174
7.80,55.00,1.7602351848256839
8.00,55.00,1.7442266754830766
8.20,55.00,1.7238555376159703
8.40,55.00,1.7008677828835528
8.60,55.00,1.6765328675826736
8.80,55.00,1.6517447090123625
9.00,55.00,1.6271088315709235
9.50,55.00,1.5683644792473721
10.00,55.00,1.5152076635088743
10.50,55.00,1.4675334400605413
11.00,55.00,1.4243740998182111
11.50,55.00,1.3846864205596321
12.00,55.00,1.3476139205902644
12.50,55.00,1.3125282787901535
13.00,55.00,1.2789944068577945
13.50,55.00,1.2467199804080908
14.00,55.00,1.2155110012005272
14.50,55.00,1.1852384687185666
15.00,55.00,1.1558152773324533
16.00,55.00,1.0992915960061291
17.00,55.00,1.0456216406523535
18.00,55.00,0.9946051042910932
19.00,55.00,0.9460899195072651
20.00,55.00,0.8999457276709596
21.00,55.00,0.8560538108546462
22.00,55.00,0.8143031890833975
23.00,55.00,0.7745890123688072
24.00,55.00,0.7368118083847053
25.00,55.00,0.7008770532973903
50.00,55.00,0.2008046343175101
100.00,55.00,0.0164830481316253
2.00,60.00,4854.1382576880869237
2.10,60.00,3071.1686764625019350
2.20,60.00,1943.1002041084698249
2.30,60.00,1229.3816461931721733
2.40,60.00,777.8184721513539444
2.50,60.00,492.1186008374830863
2.60,60.00,311.3589172296187826
2.70,60.00,105.9285964506669870
2.80,60.00,29.5931458446515308
2.90,60.00,-14.2896821527781377
3.00,60.00,-37.2180037273944180
3.10,60.00,-47.0254331145460398
3.20,60.00,-48.9640723947978955
3.30,60.00,-46.4850827253058441
3.40,60.00,-41.7981204263698700
3.50,60.00,-36.2693306719799224
3.60,60.00,-30.7019065991487352
3.70,60.00,-25.5316892340778594
3.80,60.00,-20.9617370137398993
3.90,60.00,-17.0534331634062042
4.00,60.00,-13.7869606643543978
4.10,60.00,-11.1004498450990869
4.20,60.00,-8.9144913450129657
4.30,60.00,-7.1467814629829149
4.40,60.00,-5.7202568816108137
4.50,60.00,-4.5670516463888502
4.60,60.00,-3.6298723692222037
4.70,60.00,-2.8618630034077093
4.80,60.00,-2.2256615853244255
4.90,60.00,-1.6920955127164292
5.00,60.00,-1.2387874842366988
5.10,60.00,-0.8488276592243980
5.20,60.00,-0.5095916675065979
5.30,60.00,-0.2117362777747489
5.40,60.00,0.0516241859630096
5.50,60.00,0.2855736037314827
5.60,60.00,0.4939027086927366
5.70,60.00,0.6794939992707236
5.80,60.00,0.8446059107544057
5.90,60.00,0.9910772169162281
6.00,60.00,1.1204698492668821
6.20,60.00,1.3334271682293426
6.40,60.00,1.4933253520850307
6.60,60.00,1.6089821500188213
6.80,60.00,1.6884556259014420
7.00,60.00,1.7390133856870902
7.20,60.00,1.7670395486884187
7.40,60.00,1.7779774976120466
7.60,60.00,1.7763338296567861
7.80,60.00,1.7657364212713638
8.00,60.00,1.7490286892560596
8.20,60.00,1.7283817645951041
8.40,60.00,1.7054100839697530
8.60,60.00,1.6812806119228862
8.80,60.00,1.6568100876920226
9.00,60.00,1.6325478614396656
9.50,60.00,1.5747553718833507
10.00,60.00,1.5223674993463658
10.50,60.00,1.4752095818035922
11.00,60.00,1.4323430957477574
11.50,60.00,1.3927798881873332
12.00,60.00,1.3557153893217702
12.50,60.00,1.3205615868867773
13.00,60.00,1.2869119204417960
13.50,60.00,1.2544932028422338
14.00,60.00,1.2231238410558107
14.50,60.00,1.1926826874195482
15.00,60.00,1.1630875190030217
16.00,60.00,1.1062205861090066
17.00,60.00,1.0522169249623776
18.00,60.00,1.0008802913918879
19.00,60.00,0.9520596362649731
20.00,60.00,0.9056245092578904
21.00,60.00,0.8614557127710684
22.00,60.00,0.8194416657508189
23.00,60.00,0.7794768931000366
24.00,60.00,0.7414613082328895
25.00,60.00,0.7052997957870836
50.00,60.00,0.2020717715135348
100.00,60.00,0.0165870610866173
2.00,65.00,4294.1648618831350177
2.10,65.00,2697.9968453812502958
2.20,65.00,1695.1344933913439945
2.30,65.00,1065.0423686018359604
2.40,65.00,669.1594391709057845
2.50,65.00,420.4286779871014232
2.60,65.00,264.1527010259159169
2.70,65.00,75.7704842127975411
2.80,65.00,10.3567346664393725
2.90,65.00,-26.3140369301672230
3.00,65.00,-44.5685593976817387
3.10,65.00,-51.4099180389157056
3.20,65.00,-51.5106193397983887
3.30,65.00,-47.9238545646989849
3.40,65.00,-42.5906815863485662
3.50,65.00,-36.6993561737026468
3.60,65.00,-30.9377644119901589
3.70,65.00,-25.6688826193647479
3.80,65.00,-21.0511479546832518
3.90,65.00,-17.1197126755481968
4.00,65.00,-13.8401955137508743
4.10,65.00,-11.1433253532601135
4.20,65.00,-8.9465006175011617
4.30,65.00,-7.1665464939689123
4.40,65.00,-5.7266808893385992
4.50,65.00,-4.5597785955344072
4.60,65.00,-3.6093610861768268
4.70,65.00,-2.8292685113625913
4.80,65.00,-2.1826395881943537
4.90,65.00,-1.6405958358035515
5.00,65.00,-1.1808704169420134
5.10,65.00,-0.7865176087957799
5.20,65.00,-0.4447711505854341
5.30,65.00,-0.1460771568746222
5.40,65.00,0.1166981428452196
5.50,65.00,0.3488996206817805
5.60,65.00,0.5545738898568806
5.70,65.00,0.7368419390233161
5.80,65.00,0.8981757408056128
5.90,65.00,1.0405987701706643
6.00,65.00,1.1658276735631361
6.20,65.00,1.3705860089252515
6.40,65.00,1.5229932076107713
6.60,65.00,1.6322228836865253
6.80,65.00,1.7064490773454226
7.00,65.00,1.7529026784972035
7.20,65.00,1.7778458834184294
7.40,65.00,1.7865625032453978
7.60,65.00,1.7833926411778660
7.80,65.00,1.7718086955893089
8.00,65.00,1.7545185918573725
8.20,65.00,1.7335810847184465
8.40,65.00,1.7105209732482072
8.60,65.00,1.6864360719704150
8.80,65.00,1.6620913994797626
9.00,65.00,1.6379988012298836
9.50,65.00,1.5806699379871991
10.00,65.00,1.5286606489465484
10.50,65.00,1.4817437976603856
11.00,65.00,1.4389931686334585
11.50,65.00,1.3994507537156207
12.00,65.00,1.3623413567668821
12.50,65.00,1.3271000118379759
13.00,65.00,1.2933365316508911
13.50,65.00,1.2607887246766756
14.00,65.00,1.2292821222129235
14.50,65.00,1.1987000784989361
15.00,65.00,1.1689631603569861
16.00,65.00,1.1118162574200570
17.00,65.00,1.0575421296154655
18.00,65.00,1.0059466818996439
19.00,65.00,0.9568792672089600
20.00,65.00,0.9102092059524983
21.00,65.00,0.8658168560369200
22.00,65.00,0.8235901300580014
23.00,65.00,0.7834230404889827
24.00,65.00,0.7452150019770473
25.00,65.00,0.7088704205490846
50.00,65.00,0.2030947727841544
100.00,65.00,0.0166710341445084
2.00,70.00,3841.9794506007592645
2.10,70.00,2403.4699021814494699
2.20,70.00,1503.5654523838841214
2.30,70.00,940.6021966617853423
2.40,70.00,588.4229987874759900
2.50,70.00,368.1063330820026067
2.60,70.00,147.5487150007070341
2.70,70.00,50.5630214089438468
2.80,70.00,-6.1809478136777427
2.90,70.00,-36.9604628486586151
3.00,70.00,-51.3511893827880499
3.10,70.00,-55.7311631728322325
3.20,70.00,-54.2996806974974149
3.30,70.00,-49.7737640801048045
3.40,70.00,-43.8672105402903156
3.50,70.00,-37.6211305191544625
3.60,70.00,-31.6319620357551194
3.70,70.00,-26.2081660398295426
3.80,70.00,-21.4770946783318308
3.90,70.00,-17.4570177798189192
4.00,70.00,-14.1048507295936769
4.10,70.00,-11.3470419618435798
4.20,70.00,-9.0989054797486464
4.30,70.00,-7.2761374460737720
4.40,70.00,-5.8011482367901639
4.50,70.00,-4.6060459122766391
4.60,70.00,-3.6335364429248669
4.70,70.00,-2.8365984972121039
4.80,70.00,-2.1775017556185858
4.90,70.00,-1.6265351862231054
5.00,70.00,-1.1606717203142527
5.10,70.00,-0.7623007541085045
5.20,70.00,-0.4180969398188199
5.30,70.00,-0.1180533136865958
5.40,70.00,0.1453179941687344
5.50,70.00,0.3776284277800124
5.60,70.00,0.5831172022870357
5.70,70.00,0.7650378861697611
5.80,70.00,0.9259481956297404
5.90,70.00,1.0679222519772718
6.00,70.00,1.1927022152972739
6.20,70.00,1.3965860923845268
6.40,70.00,1.5481096752471220
6.60,70.00,1.6563661884427956
6.80,70.00,1.7294661724312581
7.00,70.00,1.7746150976023825
7.20,70.00,1.7980862790623098
7.40,70.00,1.8052004151404430
7.60,70.00,1.8003478956561692
7.80,70.00,1.7870544357430154
8.00,70.00,1.7680771102088404
8.20,70.00,1.7455155329351026
8.40,70.00,1.7209253911663669
8.60,70.00,1.6954254251440488
8.80,70.00,1.6697926417264497
9.00,70.00,1.6445434600941122
9.50,70.00,1.5848809201603797
10.00,70.00,1.5312353202386257
10.50,70.00,1.4832190836604842
11.00,70.00,1.4397528636507200
11.50,70.00,1.3997560209066318
12.00,70.00,1.3623639928137949
12.50,70.00,1.3269503571456149
13.00,70.00,1.2930842440581309
13.50,70.00,1.2604772219156108
14.00,70.00,1.2289382009156862
14.50,70.00,1.1983401408926073
15.00,70.00,1.1685971673606894
16.00,70.00,1.1114537111425631
17.00,70.00,1.0571919458325383
18.00,70.00,1.0056116162969069
19.00,70.00,0.9565598210664060
20.00,70.00,0.9099050736994870
21.00,70.00,0.8655274587290556
22.00,70.00,0.8233148108559117
23.00,70.00,0.7831611355304918
24.00,70.00,0.7449658654060932
25.00,70.00,0.7086334327212118
50.00,70.00,0.2030268743110977
100.00,70.00,0.0166654606984409
2.00,75.00,3489.1413117153347230
2.10,75.00,2165.5419354829732583
2.20,75.00,1344.0475622438607388
2.30,75.00,834.1855772794267523
2.40,75.00,517.7388039596412455
2.50,75.00,321.3355354329868305
2.60,75.00,115.1007328611057545
2.70,75.00,28.7374843120254759
2.80,75.00,-20.8549234523755942
2.90,75.00,-46.8841063162810769
3.00,75.00,-58.1496030276979994
3.10,75.00,-60.4830091566963119
3.20,75.00,-57.7087005413953662
3.30,75.00,-52.2923896421815826
3.40,75.00,-45.7830713323285039
3.50,75.00,-39.1160429622991970
3.60,75.00,-32.8211867454727511
3.70,75.00,-27.1659139738915592
3.80,75.00,-22.2526947807370235
3.90,75.00,-18.0848990577898299
4.00,75.00,-14.6105302905213250
4.10,75.00,-11.7506039380268756
4.20,75.00,-9.4169520342116684
4.30,75.00,-7.5228433717466974
4.40,75.00,-5.9888138943573059
4.50,75.00,-4.7453868798521857
4.60,75.00,-3.7338476736468782
4.70,75.00,-2.9058680015703544
4.80,75.00,-2.2225110357685103
4.90,75.00,-1.6529619556076212
5.00,75.00,-1.1731988097811197
5.10,75.00,-0.7647295373809488
5.20,75.00,-0.4134615240248292
5.30,75.00,-0.1087315142624585
5.40,75.00,0.1575002214509194
5.50,75.00,0.3913014578565535
5.60,75.00,0.5972824990727112
5.70,75.00,0.7789935924027531
5.80,75.00,0.9392254474458601
5.90,75.00,1.0802316505447473
6.00,75.00,1.2038895944909735
6.20,75.00,1.4054352894501196
6.40,75.00,1.5548574082315783
6.60,75.00,1.6614475313043626
6.80,75.00,1.7333525138090775
7.00,75.00,1.7777323599341022
7.20,75.00,1.8007816434808817
7.40,75.00,1.8077362288754255
7.60,75.00,1.8029092416735770
7.80,75.00,1.7897622852423791
8.00,75.00,1.7710025627825601
8.20,75.00,1.7486928898522591
8.40,75.00,1.7243631328186562
8.60,75.00,1.6991148967246836
8.80,75.00,1.6737146184604326
9.00,75.00,1.6486729160989280
9.50,75.00,1.5894086560127278
10.00,75.00,1.5360027278224939
10.50,75.00,1.4881034630639411
11.00,75.00,1.4446684558220095
11.50,75.00,1.4046464435248183
12.00,75.00,1.3671937949677464
12.50,75.00,1.3316981410478843
13.00,75.00,1.2977377114284310
13.50,75.00,1.2650298268118942
14.00,75.00,1.2333869711665273
14.50,75.00,1.2026842931534030
15.00,75.00,1.1728372402327141
16.00,75.00,1.1154900512600245
17.00,75.00,1.0610325589736098
18.00,75.00,1.0092653358351280
19.00,75.00,0.9600354994666503
20.00,75.00,0.9132112975148411
21.00,75.00,0.8686724568022980
22.00,75.00,0.8263064331772866
23.00,75.00,0.7860068575107277
24.00,75.00,0.7476728009181413
25.00,75.00,0.7112083498095997
50.00,75.00,0.2037646004769342
100.00,75.00,0.0167260169497484
2.00,80.00,3213.0498182479445859
2.10,80.00,1977.4389964310221330
2.20,80.00,1216.9948198121528549
2.30,80.00,748.9871465682322196
2.40,80.00,460.9565600377903820
2.50,80.00,283.6910502609221112
2.60,80.00,87.2019478329273596
2.70,80.00,9.2086723876459633
2.80,80.00,-34.6642080338247141
2.90,80.00,-56.8211369336628280
3.00,80.00,-65.4657917960522013
3.10,80.00,-66.0081252983506062
3.20,80.00,-61.9850379279493140
3.30,80.00,-55.6722374431533353
3.40,80.00,-48.4964409045859597
3.50,80.00,-41.3159943539691596
3.60,80.00,-34.6131467879246557
3.70,80.00,-28.6260288500457598
3.80,80.00,-23.4389508098533028
3.90,80.00,-19.0436470436618066
4.00,80.00,-15.3801995933392703
4.10,80.00,-12.3637716890046931
4.20,80.00,-9.9014987276155040
4.30,80.00,-7.9026339321933641
4.40,80.00,-6.2841540385026278
4.50,80.00,-4.9733868083833563
4.60,80.00,-3.9087552342910614
4.70,80.00,-3.0393944784360389
4.80,80.00,-2.3241528910045051
4.90,80.00,-1.7303133212665303
5.00,80.00,-1.2322472367462296
5.10,80.00,-0.8101283175946958
5.20,80.00,-0.4487739628269460
5.30,80.00,-0.1366448229856883
5.40,80.00,0.1349917191002399
5.50,80.00,0.3727425563722744
5.60,80.00,0.5816304702200086
5.70,80.00,0.7655157467003364
5.80,80.00,0.9274177076288117
5.90,80.00,1.0697549421672365
6.00,80.00,1.1945210301866591
6.20,80.00,1.3979048962026615
6.40,80.00,1.5489176195493324
6.60,80.00,1.6569732227689928
6.80,80.00,1.7302373546292227
7.00,80.00,1.7758530279101945
7.20,80.00,1.7999942322147917
7.40,80.00,1.8078850385641976
7.60,80.00,1.8038379766506667
7.80,80.00,1.7913233561925648
8.00,80.00,1.7730632066573291
8.20,80.00,1.7511382458451190
8.40,80.00,1.7270969542444070
8.60,80.00,1.7020586718350919
8.80,80.00,1.6768057697357988
9.00,80.00,1.6518625821330375
9.50,80.00,1.5927005397631890
10.00,80.00,1.5392815452725492
10.50,80.00,1.4913201332336077
11.00,80.00,1.4478056203981946
11.50,80.00,1.4077004974528924
12.00,80.00,1.3701663696067998
12.50,80.00,1.3345924183125124
13.00,80.00,1.3005570016616226
13.50,80.00,1.2677771225377272
14.00,80.00,1.2360648798163765
14.50,80.00,1.2052950925152459
15.00,80.00,1.1753829566582574
16.00,80.00,1.1179109968172141
17.00,80.00,1.0633352018767899
18.00,80.00,1.0114555912535059
19.00,80.00,0.9621189029511207
20.00,80.00,0.9151930804385721
21.00,80.00,0.8705575826952603
22.00,80.00,0.8280996187990348
23.00,80.00,0.7877125878502200
24.00,80.00,0.7492953415911675
25.00,80.00,0.7127517581607041
50.00,80.00,0.2042067943586703
100.00,80.00,0.0167623144339222
2.00,85.00,2995.1376789967212062
2.10,85.00,1838.5097625561513723
2.20,85.00,1128.5351490574921627
2.30,85.00,692.7303888163731926
2.40,85.00,425.2197124657168956
2.50,85.00,261.0132409210013975
2.60,85.00,62.7505965113817794
2.70,85.00,-8.8782600765314950
2.80,85.00,-48.2849434910576889
2.90,85.00,-67.3053057110397930
3.00,85.00,-73.7158034547165073
3.10,85.00,-72.6255019120025196
3.20,85.00,-67.3693313559049898
3.30,85.00,-60.0924563762531818
3.40,85.00,-52.1396249754958063
3.50,85.00,-44.3186138366572848
3.60,85.00,-37.0804651587105170
3.70,85.00,-30.6434985556876569
3.80,85.00,-25.0786136815616203
3.90,85.00,-20.3675779045359455
4.00,85.00,-16.4423163247560922
4.10,85.00,-13.2108233180170949
4.20,85.00,-10.5736971109267586
4.30,85.00,-8.4341728276436587
4.40,85.00,-6.7037252021955540
4.50,85.00,-5.3047273131961115
4.60,85.00,-4.1712221391509186
4.70,85.00,-3.2485473717668349
4.80,85.00,-2.4923217442716195
4.90,85.00,-1.8671322062701459
5.00,85.00,-1.3451399922794420
5.10,85.00,-0.9047380839889620
5.20,85.00,-0.5293335895381563
5.30,85.00,-0.2062890898923107
5.40,85.00,0.0739683859128435
5.50,85.00,0.3186775122446004
5.60,85.00,0.5333272296799259
5.70,85.00,0.7221149181415558
5.80,85.00,0.8882983256237977
5.90,85.00,1.0344605431769986
6.00,85.00,1.1627054681612534
6.20,85.00,1.3722679681831256
6.40,85.00,1.5286349151000946
6.60,85.00,1.6413224359423439
6.80,85.00,1.7185321968414731
7.00,85.00,1.7674371329856571
7.20,85.00,1.7942557663902710
7.40,85.00,1.8042731196103570
7.60,85.00,1.8018735202630571
7.80,85.00,1.7906028565565402
8.00,85.00,1.7732565433746563
8.20,85.00,1.7519824121392724
8.40,85.00,1.7283875470062726
8.60,85.00,1.7036405950859950
8.80,85.00,1.6785641486132621
9.00,85.00,1.6537144851121106
9.50,85.00,1.5945715006229892
10.00,85.00,1.5410373330549161
10.50,85.00,1.4929354149046663
11.00,85.00,1.4492950459555178
11.50,85.00,1.4090881954196373
12.00,85.00,1.3714744885141006
12.50,85.00,1.3358380670710095
13.00,85.00,1.3017523930068446
13.50,85.00,1.2689306395611346
14.00,85.00,1.2371821869397550
14.50,85.00,1.2063800238841562
15.00,85.00,1.1764381523734408
16.00,85.00,1.1189118632686545
17.00,85.00,1.0642861892314301
18.00,85.00,1.0123598040488233
19.00,85.00,0.9629788713155341
20.00,85.00,0.9160110540751604
21.00,85.00,0.8713356435656161
22.00,85.00,0.8288397259358561
23.00,85.00,0.7884165968659397
24.00,85.00,0.7499650146996921
25.00,85.00,0.7133887705649352
50.00,85.00,0.2043893014028443
100.00,85.00,0.0167772955243921
2.00,90.00,2845.9909864465871578
2.10,90.00,1733.8994935880052708
2.20,90.00,1056.3657679107550393
2.30,90.00,643.5832294434222831
2.40,90.00,392.0984433640005022
2.50,90.00,156.6553246205814105
2.60,90.00,41.3739484666947206
2.70,90.00,-25.7492520759406140
2.80,90.00,-61.9690772468953313
2.90,90.00,-78.6149894096738677
3.00,90.00,-83.1666588439284453
3.10,90.00,-80.5616546789384387
3.20,90.00,-74.0365273325198530
3.30,90.00,-65.6795232595431742
3.40,90.00,-56.8011887035962104
3.50,90.00,-48.1870496730200131
3.60,90.00,-40.2719119718610656
3.70,90.00,-33.2607798145084814
3.80,90.00,-27.2126808425348194
3.90,90.00,-22.0983491438682123
4.00,90.00,-17.8393470431554206
4.10,90.00,-14.3339981132094927
4.20,90.00,-11.4740011877224326
4.30,90.00,-9.1545367579432071
4.40,90.00,-7.2799111231351681
4.50,90.00,-5.7662191643499172
4.60,90.00,-4.5420868220290753
4.70,90.00,-3.5482417744374732
4.80,90.00,-2.7364292127006484
4.90,90.00,-2.0680197226453667
5.00,90.00,-1.5125334467783416
5.10,90.00,-1.0462175174955244
5.20,90.00,-0.6507533065191951
5.30,90.00,-0.3121293568622028
5.40,90.00,-0.0196895497815941
5.50,90.00,0.2346500283892654
5.60,90.00,0.4570310399949040
5.70,90.00,0.6521493926436037
5.80,90.00,0.8236391073691454
5.90,90.00,0.9743636012414099
6.00,90.00,1.1066325846034744
6.20,90.00,1.3231794528620198
6.40,90.00,1.4856593874047683
6.60,90.00,1.6039198674411654
6.80,90.00,1.6862870463373940
7.00,90.00,1.7399623380730458
7.20,90.00,1.7711570272301886
7.40,90.00,1.7851433381528476
7.60,90.00,1.7863002516348170
7.80,90.00,1.7781796013003848
8.00,90.00,1.7635934137909852
8.20,90.00,1.7447143556591391
8.40,90.00,1.7231797101290005
8.60,90.00,1.7001910807759770
8.80,90.00,1.6766046806739257
9.00,90.00,1.6530095394461486
9.50,90.00,1.5961686697621928
10.00,90.00,1.5440593156926954
10.50,90.00,1.4968059143623607
11.00,90.00,1.4536453027471914
11.50,90.00,1.4136867110297544
12.00,90.00,1.3761780950063789
12.50,90.00,1.3405593955117758
13.00,90.00,1.3064388729630847
13.50,90.00,1.2735512045037936
14.00,90.00,1.2417189685598589
14.50,90.00,1.2108232102054299
15.00,90.00,1.1807828246285046
16.00,90.00,1.1230553927724323
17.00,90.00,1.0682315953369879
18.00,90.00,1.0161142476161622
19.00,90.00,0.9665507447167030
20.00,90.00,0.9194089224387475
21.00,90.00,0.8745678685145267
22.00,90.00,0.8319143401156205
23.00,90.00,0.7913412701658745
24.00,90.00,0.7527470536134016
25.00,90.00,0.7160351291691934
50.00,90.00,0.2051474960773776
100.00,90.00,0.0168395319332078
2.00,95.00,2762.3397187778782609
2.10,95.00,1673.7898032163520838
2.20,95.00,1014.2026653370908207
2.30,95.00,614.5377659729383595
2.40,95.00,372.3680470524958537
2.50,95.00,136.7496884538866482
2.60,95.00,24.0799212068172501
2.70,95.00,-40.9876370613655752
2.80,95.00,-75.4788454923573653
2.90,95.00,-90.5844755329017488
3.00,95.00,-93.7133263264818908
3.10,95.00,-89.7757827291587915
3.20,95.00,-82.0053024122867100
3.30,95.00,-72.4974512474100408
3.40,95.00,-62.5720849442610145
3.50,95.00,-53.0215699999557586
3.60,95.00,-44.2832933901768939
3.70,95.00,-36.5604050778718985
3.80,95.00,-29.9063165799842814
3.90,95.00,-24.2834011074669824
4.00,95.00,-19.6031708104676774
4.10,95.00,-15.7531408745323880
4.20,95.00,-12.6141812222918563
4.30,95.00,-10.0711549495810360
4.40,95.00,-8.0189075067175590
4.50,95.00,-6.3651200475229448
4.60,95.00,-5.0311241114751457
4.70,95.00,-3.9514599715811518
4.80,95.00,-3.0727243723551201
4.90,95.00,-2.3520775989622278
5.00,95.00,-1.7556512569624323
5.10,95.00,-1.2570059420676378
5.20,95.00,-0.8357234257741872
5.30,95.00,-0.4761741177978396
5.40,95.00,-0.1664718973467985
5.50,95.00,0.1023893393969386
5.60,95.00,0.3372331548401064
5.70,95.00,0.5432526874829549
5.80,95.00,0.7244395052280839
5.90,95.00,0.8839106544533097
6.00,95.00,1.0241535300915916
6.20,95.00,1.2547848067134695
6.40,95.00,1.4293108050718641
6.60,95.00,1.5578810207448852
6.80,95.00,1.6490071390337100
7.00,95.00,1.7100421137848953
7.20,95.00,1.7473458247093263
7.40,95.00,1.7663425401570412
7.60,95.00,1.7715632258013883
7.80,95.00,1.7667056643319081
8.00,95.00,1.7547166127498588
8.20,95.00,1.7378889200477403
8.40,95.00,1.7179640426868719
8.60,95.00,1.6962317601316501
8.80,95.00,1.6736214669378711
9.00,95.00,1.6507819469471610
9.50,95.00,1.5951577019442074
10.00,95.00,1.5436789423164010
10.50,95.00,1.4967510633754184
11.00,95.00,1.4537583067227193
11.50,95.00,1.4138858935061294
12.00,95.00,1.3764207440285821
12.50,95.00,1.3408228617044378
13.00,95.00,1.3067109563441106
13.50,95.00,1.2738252382829249
14.00,95.00,1.2419912728916216
14.50,95.00,1.2110917498946705
15.00,95.00,1.1810464869161790
16.00,95.00,1.1233078418920019
17.00,95.00,1.0684723267260854
18.00,95.00,1.0163434550439419
19.00,95.00,0.9667688529074341
20.00,95.00,0.9196164224916799
21.00,95.00,0.8747652593733755
22.00,95.00,0.8321021080440817
23.00,95.00,0.7915198819918076
24.00,95.00,0.7529169549702016
25.00,95.00,0.7161967445348958
50.00,95.00,0.2051937996902828
100.00,95.00,0.0168433327652094
2.00,100.00,2758.9180958932333851
2.10,100.00,1670.1181046344761398
2.20,100.00,1011.0102534685021283
2.30,100.00,612.0176350295621432
2.40,100.00,370.4864360199558746
2.50,100.00,127.9327853320660324
2.60,100.00,13.2736156694607264
2.70,100.00,-52.8616567082870787
2.80,100.00,-87.6589460218140033
2.90,100.00,-102.4841658351722629
3.00,100.00,-104.9163304633228790
3.10,100.00,-100.0170521480226284
3.20,100.00,-91.1446300127190057
3.30,100.00,-80.4910507218785796
3.40,100.00,-69.4457310855727314
3.50,100.00,-58.8473130172410208
3.60,100.00,-49.1605726360787827
3.70,100.00,-40.6016015019038434
3.80,100.00,-33.2263266174105993
3.90,100.00,-26.9925976673250609
4.00,100.00,-21.8030582036529381
4.10,100.00,-17.5340460933380946
4.20,100.00,-14.0544082755573587
4.30,100.00,-11.2371317442179208
4.40,100.00,-8.9659576282037268
4.50,100.00,-7.1385846892654694
4.60,100.00,-5.6676378640170793
4.70,100.00,-4.4802471882031236
4.80,100.00,-3.5168313163140330
4.90,100.00,-2.7294914480205801
5.00,100.00,-2.0802825235572988
5.10,100.00,-1.5395281578011100
5.20,100.00,-1.0842750048963439
5.30,100.00,-0.6969338161535428
5.40,100.00,-0.3641225594647475
5.50,100.00,-0.0757070382510783
5.60,100.00,0.1759770425507818
5.70,100.00,0.3967423306324260
5.80,100.00,0.5910320775951194
5.90,100.00,0.7622895946484607
6.00,100.00,0.9132362751674736
6.20,100.00,1.1626490797526972
6.40,100.00,1.3530997958825843
6.60,100.00,1.4952070449343384
6.80,100.00,1.5977858798216986
7.00,100.00,1.6684298366822290
7.20,100.00,1.7137185338316663
7.40,100.00,1.7392872664860872
7.60,100.00,1.7498688775858902
7.80,100.00,1.7493496457760855
8.00,100.00,1.7408473733073544
8.20,100.00,1.7268059958963227
8.40,100.00,1.7090973205237054
8.60,100.00,1.6891213614519136
8.80,100.00,1.6678991899006581
9.00,100.00,1.6461547802821070
9.50,100.00,1.5923574634122786
10.00,100.00,1.5418877019082231
10.50,100.00,1.4955226025372221
11.00,100.00,1.4528492141175953
11.50,100.00,1.4131623932683801
12.00,100.00,1.3758084058700077
12.50,100.00,1.3402796539789588
13.00,100.00,1.3062127640660779
13.50,100.00,1.2733580025157183
14.00,100.00,1.2415466637926666
14.50,100.00,1.2106647470691980
15.00,100.00,1.1806340050506463
16.00,100.00,1.1229192572013709
17.00,100.00,1.0681040728818494
18.00,100.00,1.0159936665405178
19.00,100.00,0.9664363093467487
20.00,100.00,0.9193001654690427
21.00,100.00,0.8744644514645870
22.00,100.00,0.8318159799333510
23.00,100.00,0.7912477119063852
24.00,100.00,0.7526580600245145
25.00,100.00,0.7159504765038195
50.00,100.00,0.2051232428010177
100.00,100.00,0.0168375411030512
2.00,105.00,2864.3269917382253880
2.10,105.00,1745.2379567240463984
2.20,105.00,1063.3756321731752905
2.30,105.00,647.9160797202949880
2.40,105.00,394.7760637529349310
2.50,105.00,136.6936581906330446
2.60,105.00,13.5515211049379118
2.70,105.00,-58.1463788458969901
2.80,105.00,-96.2748752903058573
2.90,105.00,-112.7925459487668434
3.00,105.00,-115.7654641585281752
3.10,105.00,-110.6398333452831793
3.20,105.00,-101.0665241407852903
3.30,105.00,-89.4519390957435547
3.40,105.00,-77.3363990262798069
3.50,105.00,-65.6597563921866936
3.60,105.00,-54.9504523831295515
3.70,105.00,-45.4608460597882313
3.80,105.00,-37.2638744238622124
3.90,105.00,-30.3214449435777240
4.00,105.00,-24.5320350966386371
4.10,105.00,-19.7630258171779687
4.20,105.00,-15.8719234054649405
4.30,105.00,-12.7196107838287880
4.40,105.00,-10.1779960699033811
4.50,105.00,-8.1338274251307841
4.60,105.00,-6.4899770898135332
4.70,105.00,-5.1651366974212358
4.80,105.00,-4.0925896199577396
4.90,105.00,-3.2185175833482491
5.00,105.00,-2.5001442692846192
5.10,105.00,-1.9039064860576185
5.20,105.00,-1.4037640850512829
5.30,105.00,-0.9797051955047469
5.40,105.00,-0.6164671623920257
5.50,105.00,-0.3024707571703009
5.60,105.00,-0.0289518849589256
5.70,105.00,0.2107318250127674
5.80,105.00,0.4216446819552180
5.90,105.00,0.6076917872921161
6.00,105.00,0.7719362247379906
6.20,105.00,1.0444121520238510
6.40,105.00,1.2542335433003937
6.60,105.00,1.4127748084307608
6.80,105.00,1.5293204564453196
7.00,105.00,1.6117981763470337
7.20,105.00,1.6670592071091046
7.40,105.00,1.7009791822297990
7.60,105.00,1.7185109344551952
7.80,105.00,1.7237425508576614
8.00,105.00,1.7199747067518976
8.20,105.00,1.7098142532093532
8.40,105.00,1.6952756400564863
8.60,105.00,1.6778818149419772
8.80,105.00,1.6587583519593316
9.00,105.00,1.6387170377404661
9.50,105.00,1.5878953915448175
10.00,105.00,1.5391822889316258
10.50,105.00,1.4938557596739228
11.00,105.00,1.4517988443816530
11.50,105.00,1.4124799129074381
12.00,105.00,1.3753468412140317
12.50,105.00,1.3399517034840771
13.00,105.00,1.3059663318250703
13.50,105.00,1.2731618693578834
14.00,105.00,1.2413820500400590
14.50,105.00,1.2105203162547480
15.00,105.00,1.1805028898091272
16.00,105.00,1.1228038672166434
17.00,105.00,1.0679977358458117
18.00,105.00,1.0158937744054315
19.00,105.00,0.9663417518515265
20.00,105.00,0.9192103898253808
21.00,105.00,0.8743791168466539
22.00,105.00,0.8317348301676323
23.00,105.00,0.7911705283348668
24.00,105.00,0.7525846438573560
25.00,105.00,0.7158806420321154
50.00,105.00,0.2051032350970780
100.00,105.00,0.0168358987707008
2.00,110.00,3125.7959263273610304
2.10,110.00,1935.2645191913118197
2.20,110.00,1198.1744322129293323
2.30,110.00,741.8220898343568024
2.40,110.00,459.2820529059794694
2.50,110.00,284.3538996912758421
2.60,110.00,32.5410409820982167
2.70,110.00,-51.7177451138109276
2.80,110.00,-97.7411921678906310
2.90,110.00,-118.9780515427726755
3.00,110.00,-124.5058512475985282
3.10,110.00,-120.4776902632699347
3.20,110.00,-111.0469813593175417
3.30,110.00,-98.9788983610370963
3.40,110.00,-86.0678771617932910
3.50,110.00,-73.4302964052797762
3.60,110.00,-61.7133804230149465
3.70,110.00,-51.2456346488312846
3.80,110.00,-42.1451989473904334
3.90,110.00,-34.3972969956184684
4.00,110.00,-27.9087768644203500
4.10,110.00,-22.5456680267591416
4.20,110.00,-18.1582410286117941
4.30,110.00,-14.5969959487233325
4.40,110.00,-11.7221926105598033
4.50,110.00,-9.4088982318755612
4.60,110.00,-7.5490256598871115
4.70,110.00,-6.0514407855030647
4.80,110.00,-4.8409113862726079
4.90,110.00,-3.8564354396247396
5.00,110.00,-3.0493111679039875
5.10,110.00,-2.3811819050026006
5.20,110.00,-1.8221962117656951
5.30,110.00,-1.3493590407600455
5.40,110.00,-0.9451062037705706
5.50,110.00,-0.5961063426937241
5.60,110.00,-0.2922776618777017
5.70,110.00,-0.0259974807726504
5.80,110.00,0.2085213180182650
5.90,110.00,0.4157134934844067
6.00,110.00,0.5990294423043498
6.20,110.00,0.9044919026518625
6.40,110.00,1.1415949248946919
6.60,110.00,1.3226476937661389
6.80,110.00,1.4576093750879502
7.00,110.00,1.5549741476168968
7.20,110.00,1.6221094991854477
7.40,110.00,1.6653708626586239
7.60,110.00,1.6901512948076953
7.80,110.00,1.7009328709758269
8.00,110.00,1.7013593822797879
8.20,110.00,1.6943288226862343
8.40,110.00,1.6820969261985990
8.60,110.00,1.6663824359413622
8.80,110.00,1.6484668471638073
9.00,110.00,1.6292840273946192
9.50,110.00,1.5796432873023758
10.00,110.00,1.5313975971243565
10.50,110.00,1.4862673133297599
11.00,110.00,1.4443250715150495
11.50,110.00,1.4051113736478273
12.00,110.00,1.3680959900599670
12.50,110.00,1.3328336290733056
13.00,110.00,1.2989927111256028
13.50,110.00,1.2663400205171709
14.00,110.00,1.2347156319952832
14.50,110.00,1.2040103366151862
15.00,110.00,1.1741485786724075
16.00,110.00,1.1167545009212949
17.00,110.00,1.0622415455557965
18.00,110.00,1.0104176288154201
19.00,110.00,0.9611324269325707
20.00,110.00,0.9142550330256416
21.00,110.00,0.8696654011649035
22.00,110.00,0.8272509924206369
23.00,110.00,0.7869053652652295
24.00,110.00,0.7485274935270547
25.00,110.00,0.7120213606262017
50.00,110.00,0.2039975323476385
100.00,110.00,0.0167451371620347
2.00,115.00,3616.6724260534788300
2.10,115.00,2294.9883324224329044
2.20,115.00,1456.3031498272628141
2.30,115.00,924.1087783475669539
2.40,115.00,586.4005954531671705
2.50,115.00,372.1051746339954320
2.60,115.00,81.3498802151362952
2.70,115.00,-25.3932047659206823
2.80,115.00,-86.4446691207537583
2.90,115.00,-117.3325590891635670
3.00,115.00,-128.7270528855059410
3.10,115.00,-127.9681743446228381
3.20,115.00,-120.0737842457044735
3.30,115.00,-108.4256481574507518
3.40,115.00,-95.2491035667156609
3.50,115.00,-81.9552021534958186
3.60,115.00,-69.3877224093421461
3.70,115.00,-58.0022658326535492
3.80,115.00,-47.9957493406491267
3.90,115.00,-39.3991890056260132
4.00,115.00,-32.1431978355177108
4.10,115.00,-26.1032592423185612
4.20,115.00,-21.1301402124914333
4.30,115.00,-17.0695333292926215
4.40,115.00,-13.7740327569369096
4.50,115.00,-11.1097800000681577
4.60,115.00,-8.9595129084092768
4.70,115.00,-7.2232826445134899
4.80,115.00,-5.8177425701974421
4.90,115.00,-4.6746393360978784
5.00,115.00,-3.7389323413638493
5.10,115.00,-2.9668183915005217
5.20,115.00,-2.3238314885906908
5.30,115.00,-1.7831131046648836
5.40,115.00,-1.3238978383720921
5.50,115.00,-0.9302265647042567
5.60,115.00,-0.5898790327064571
5.70,115.00,-0.2935065218480291
5.80,115.00,-0.0339397798919390
5.90,115.00,0.1943540519889266
6.00,115.00,0.3956909573612946
6.20,115.00,0.7305086951126112
6.40,115.00,0.9909695552765134
6.60,115.00,1.1915789698032702
6.80,115.00,1.3435284385564450
7.00,115.00,1.4559774266341636
7.20,115.00,1.5366415547469128
7.40,115.00,1.5920588666119007
7.60,115.00,1.6277274364016441
7.80,115.00,1.6482047146354208
8.00,115.00,1.6572040114783055
8.20,115.00,1.6576968393700826
8.40,115.00,1.6520187942977020
8.60,115.00,1.6419735376325664
8.80,115.00,1.6289298575005473
9.00,115.00,1.6139084180874526
9.50,115.00,1.5721003929345452
10.00,115.00,1.5289127813178018
10.50,115.00,1.4869638443832254
11.00,115.00,1.4469725963723832
11.50,115.00,1.4089215226765841
12.00,115.00,1.3725721213322941
12.50,115.00,1.3376669554074185
13.00,115.00,1.3039933159542461
13.50,115.00,1.2713922718456967
14.00,115.00,1.2397499019076597
14.50,115.00,1.2089852979524631
15.00,115.00,1.1790402255531798
16.00,115.00,1.1214455800444567
17.00,115.00,1.0667178439266640
18.00,115.00,1.0146807726937175
19.00,115.00,0.9651895528724395
20.00,115.00,0.9181149889958256
21.00,115.00,0.8733373618128196
22.00,115.00,0.8307439639663542
23.00,115.00,0.7902280173555614
24.00,115.00,0.7516881107566764
25.00,115.00,0.7150278374412460
50.00,115.00,0.2048589032271929
100.00,115.00,0.0168158427894975
2.00,120.00,4463.3362206129322658
2.10,120.00,2894.5855224830588668
2.20,120.00,1877.2113353848872066
2.30,120.00,1217.4186495186327193
2.40,120.00,789.5265387857318728
2.50,120.00,512.0277693244225929
2.60,120.00,332.0628549897227231
2.70,120.00,32.4425767466583608
2.80,120.00,-54.6202043839528031
2.90,120.00,-102.5574628679983249
3.00,120.00,-124.8256571703141304
3.10,120.00,-130.7237445451224573
3.20,120.00,-126.6426054571852973
3.30,120.00,-116.9222131820448283
3.40,120.00,-104.4526720732940817
3.50,120.00,-91.1025271856783974
3.60,120.00,-78.0269904179337601
3.70,120.00,-65.8905359932673207
3.80,120.00,-55.0272982735817493
3.90,120.00,-45.5557945580482553
4.00,120.00,-37.4599704240166886
4.10,120.00,-30.6454606134858949
4.20,120.00,-24.9777347525563691
4.30,120.00,-20.3071492377903482
4.40,120.00,-16.4846773412895651
4.50,120.00,-13.3711312245131957
4.60,120.00,-10.8419520807177872
4.70,120.00,-8.7890790470530309
4.80,120.00,-7.1209772164727694
4.90,120.00,-5.7615813511183536
5.00,120.00,-4.6486716965928743
5.10,120.00,-3.7320229209933995
5.20,120.00,-2.9715415197363848
5.30,120.00,-2.3355188956506598
5.40,120.00,-1.7990671229199258
5.50,120.00,-1.3427646188196953
5.60,120.00,-0.9515137994672480
5.70,120.00,-0.6135979115529004
5.80,120.00,-0.3199163575438029
5.90,120.00,-0.0633745898357503
6.00,120.00,0.1615956632610642
6.20,120.00,0.5336098159830434
6.40,120.00,0.8222553373588497
6.60,120.00,1.0454610852644894
6.80,120.00,1.2164133489899616
7.00,120.00,1.3453923294322907
7.20,120.00,1.4407218263272392
7.40,120.00,1.5092628385129274
7.60,120.00,1.5566885757248601
7.80,120.00,1.5876629487820901
8.00,120.00,1.6059797656914683
8.20,120.00,1.6146859067436636
8.40,120.00,1.6161955487263666
8.60,120.00,1.6123958562325320
8.80,120.00,1.6047426281727055
9.00,120.00,1.5943445058717309
9.50,120.00,1.5612952740000161
10.00,120.00,1.5238164018247999
10.50,120.00,1.4854936447442013
11.00,120.00,1.4477538118703634
11.50,120.00,1.4110686483376422
12.00,120.00,1.3755249901971363
12.50,120.00,1.3410759821766429
13.00,120.00,1.3076426542274895
13.50,120.00,1.2751498721355992
14.00,120.00,1.2435357127204194
14.50,120.00,1.2127513069525429
15.00,120.00,1.1827580580326182
16.00,120.00,1.1250251861433347
17.00,120.00,1.0701387563143185
18.00,120.00,1.0179406950019134
19.00,120.00,0.9682926399303768
20.00,120.00,0.9210675289503598
21.00,120.00,0.8761461961744649
22.00,120.00,0.8334159170947193
23.00,120.00,0.7927696972426823
24.00,120.00,0.7541058459661781
25.00,120.00,0.7173276636523167
50.00,120.00,0.2055178154332846
100.00,120.00,0.0168699295970278
2.00,125.00,5815.4609469424622148
2.10,125.00,3863.1616703808240345
2.20,125.00,2566.2657229855594778
2.30,125.00,1704.7486807150369259
2.40,125.00,1132.4501739510635616
2.50,125.00,752.2771015982768859
2.60,125.00,499.7313352998435221
2.70,125.00,137.7600901033990226
2.80,125.00,9.0656586416779010
2.90,125.00,-67.0959999136302230
3.00,125.00,-107.9721010680619031
3.10,125.00,-125.7521395850762786
3.20,125.00,-128.9490661351600522
3.30,125.00,-123.4179879045053809
3.40,125.00,-113.1076992346211796
3.50,125.00,-100.6136555201053113
3.60,125.00,-87.5827924291104978
3.70,125.00,-75.0077547538364939
3.80,125.00,-63.4387840236196041
3.90,125.00,-53.1345985025768002
4.00,125.00,-44.1683820687164896
4.10,125.00,-36.5010245144009389
4.20,125.00,-30.0307159323960384
4.30,125.00,-24.6256724317687201
4.40,125.00,-20.1449970611876594
4.50,125.00,-16.4513347230274256
4.60,125.00,-13.4179668130355516
4.70,125.00,-10.9322347230490013
4.80,125.00,-8.8966216150364286
4.90,125.00,-7.2284121293966814
5.00,125.00,-5.8585532216292364
5.10,125.00,-4.7301275935348057
5.20,125.00,-3.7967022011756537
5.30,125.00,-3.0207112821573014
5.40,125.00,-2.3719635446138385
5.50,125.00,-1.8263170904938337
5.60,125.00,-1.3645362658331870
5.70,125.00,-0.9713267872219140
5.80,125.00,-0.6345354604901954
5.90,125.00,-0.3444959265031011
6.00,125.00,-0.0935002717403735
6.20,125.00,0.3148447191064812
6.40,125.00,0.6269719411629966
6.60,125.00,0.8672419136773242
6.80,125.00,1.0525554515042446
7.00,125.00,1.1951178700375200
7.20,125.00,1.3040690008019697
7.40,125.00,1.3864502860966172
7.60,125.00,1.4477924330922560
7.80,125.00,1.4924884701238259
8.00,125.00,1.5240451750481647
8.20,125.00,1.5452639137874253
8.40,125.00,1.5583783322155180
8.60,125.00,1.5651635418859151
8.80,125.00,1.5670247481826962
9.00,125.00,1.5650698997045309
9.50,125.00,1.5487437509094457
10.00,125.00,1.5226793628004578
10.50,125.00,1.4918001084726580
11.00,125.00,1.4587227736670287
11.50,125.00,1.4248367893360609
12.00,125.00,1.3908820377904214
12.50,125.00,1.3572535703595967
13.00,125.00,1.3241616293791627
13.50,125.00,1.2917160716207619
14.00,125.00,1.2599714091190521
14.50,125.00,1.2289512124959254
15.00,125.00,1.1986615646237995
16.00,125.00,1.1402528437645847
17.00,125.00,1.0846605790623800
18.00,125.00,1.0317678497798652
19.00,125.00,0.9814504323158955
20.00,125.00,0.9335854468090556
21.00,125.00,0.8880542844725852
22.00,125.00,0.8447434899643153
23.00,125.00,0.8035449094299978
24.00,125.00,0.7643555785397406
25.00,125.00,0.7270775232619618
50.00,125.00,0.2083111992192243
100.00,125.00,0.0170992245012527
2.00,130.00,7897.9642492200200650
2.10,130.00,5361.5659647684833544
2.20,130.00,3639.7214126922249307
2.30,130.00,2470.8400584944347429
2.40,130.00,1677.3400770101752641
2.50,130.00,1138.6693057173604302
2.60,130.00,772.9904063903153428
2.70,130.00,524.7477607162076083
2.80,130.00,119.5353220808536037
2.90,130.00,-1.1077974640356865
3.00,130.00,-71.6856001352753793
3.10,130.00,-108.8754037295095003
3.20,130.00,-124.4189525831264262
3.30,130.00,-126.4515370971581660
3.40,130.00,-120.5090579033658145
3.50,130.00,-110.2790217169149827
3.60,130.00,-98.1527780752012546
3.70,130.00,-85.6263862521380759
3.80,130.00,-73.5880074347131057
3.90,130.00,-62.5213864072385661
4.00,130.00,-52.6480475636391674
4.10,130.00,-44.0252484830288040
4.20,130.00,-36.6123577256261399
4.30,130.00,-30.3149585228591754
4.40,130.00,-25.0134336189816224
4.50,130.00,-20.5808852121918662
4.60,130.00,-16.8938409021293801
4.70,130.00,-13.8381722107361327
4.80,130.00,-11.3119118893019142
4.90,130.00,-9.2261263685993935
5.00,130.00,-7.5046242635051916
5.10,130.00,-6.0830185764313738
5.20,130.00,-4.9074777223844563
5.30,130.00,-3.9333755656712723
5.40,130.00,-3.1239664132409750
5.50,130.00,-2.4491551256937614
5.60,130.00,-1.8843964146211707
5.70,130.00,-1.4097347584678603
5.80,130.00,-1.0089827940795910
5.90,130.00,-0.6690284602589165
6.00,130.00,-0.3792574646734930
6.20,130.00,0.0824782126082424
6.40,130.00,0.4272601101809159
6.60,130.00,0.6888587067289862
6.80,130.00,0.8899115865751026
7.00,130.00,1.0458697818734350
7.20,130.00,1.1675151216055839
7.40,130.00,1.2625594093265677
7.60,130.00,1.3366607601930816
7.80,130.00,1.3940729156946756
8.00,130.00,1.4380644204574649
8.20,130.00,1.4711935521214694
8.40,130.00,1.4954924941736074
8.60,130.00,1.5125939137878004
8.80,130.00,1.5238204768565144
9.00,130.00,1.5302500416923157
9.50,130.00,1.5307417969544839
10.00,130.00,1.5163390662583611
10.50,130.00,1.4931737310703410
11.00,130.00,1.4650036836701337
11.50,130.00,1.4341249696238170
12.00,130.00,1.4019340279703343
12.50,130.00,1.3692751744764562
13.00,130.00,1.3366548819194903
13.50,130.00,1.3043734697205804
14.00,130.00,1.2726057745439974
14.50,130.00,1.2414504355096903
15.00,130.00,1.2109599417695966
16.00,130.00,1.1520552635762713
17.00,130.00,1.0959257278576096
18.00,130.00,1.0424977201086620
19.00,130.00,0.9916622030195098
20.00,130.00,0.9433010981935225
21.00,130.00,0.8972968024338087
22.00,130.00,0.8535355041958398
23.00,130.00,0.8119082274227194
24.00,130.00,0.7723110477807896
25.00,130.00,0.7346450125950685
50.00,130.00,0.2104793235450828
100.00,130.00,0.0172771949835573
2.00,135.00,11001.2058381058250234
2.10,135.00,7596.9109358671548762
2.20,135.00,5246.0663509805699505
2.30,135.00,3622.6845873571105585
2.40,135.00,2501.6541426361695812
2.50,135.00,1727.5236909140771786
2.60,135.00,1192.9459199842026464
2.70,135.00,823.7918678000579575
2.80,135.00,568.8715893026358117
2.90,135.00,108.2158518868997135
3.00,135.00,-7.7474187738731253
3.10,135.00,-74.9714066376654387
3.20,135.00,-109.9733337021427104
3.30,135.00,-124.2705077963779559
3.40,135.00,-125.7557944189498897
3.50,135.00,-119.7392103938861965
3.60,135.00,-109.7186187780235400
3.70,135.00,-97.9393787881367501
3.80,135.00,-85.7943015698841691
3.90,135.00,-74.1054321185806089
4.00,135.00,-63.3199395493765707
4.10,135.00,-53.6445176456164035
4.20,135.00,-45.1363472188687567
4.30,135.00,-37.7637444615295408
4.40,135.00,-31.4458994986483305
4.50,135.00,-26.0783592265055049
4.60,135.00,-21.5489093831041671
4.70,135.00,-17.7470778524337902
4.80,135.00,-14.5694664875111499
4.90,135.00,-11.9224079004091994
5.00,135.00,-9.7229506191638144
5.10,135.00,-7.8988372213262270
5.20,135.00,-6.3879093921655299
5.30,135.00,-5.1372182748373891
5.40,135.00,-4.1020145772917740
5.50,135.00,-3.2447242706956887
5.60,135.00,-2.5339709610228969
5.70,135.00,-1.9436772898414592
5.80,135.00,-1.4522596580459337
5.90,135.00,-1.0419195292440242
6.00,135.00,-0.6980281085961211
6.20,135.00,-0.1638311529827208
6.40,135.00,0.2221709269102714
6.60,135.00,0.5075725546740053
6.80,135.00,0.7236986263483864
7.00,135.00,0.8910999727114712
7.20,135.00,1.0232785628260666
7.40,135.00,1.1291747247016377
7.60,135.00,1.2148035568519344
7.80,135.00,1.2843159420690808
8.00,135.00,1.3406764794423611
8.20,135.00,1.3860903961201878
8.40,135.00,1.4222686753908025
8.60,135.00,1.4505907324313656
8.80,135.00,1.4722034287499310
9.00,135.00,1.4880813361194807
9.50,135.00,1.5079256795631921
10.00,135.00,1.5072475811705108
10.50,135.00,1.4933063352719045
11.00,135.00,1.4710770974410023
11.50,135.00,1.4438794999550750
12.00,135.00,1.4138743088715164
12.50,135.00,1.3824386474992680
13.00,135.00,1.3504345419357071
13.50,135.00,1.3183927636600028
14.00,135.00,1.2866345468581677
14.50,135.00,1.2553502226917581
15.00,135.00,1.2246491227953711
16.00,135.00,1.1652046455538563
17.00,135.00,1.1084810256901252
18.00,135.00,1.0544580943175992
19.00,135.00,1.0030456721942091
20.00,135.00,0.9541317479705644
21.00,135.00,0.9076001031889612
22.00,135.00,0.8633366263972503
23.00,135.00,0.8212314607434231
24.00,135.00,0.7811796248699779
25.00,135.00,0.7430810799768109
50.00,135.00,0.2128963001895970
100.00,135.00,0.0174755925080962
2.00,140.00,16425.6624945453731925
2.10,140.00,11244.9943359522276296
2.20,140.00,7698.3133957360378190
2.30,140.00,5270.2586918600254648
2.40,140.00,3608.0145417969838491
2.50,140.00,2470.0436344660975010
2.60,140.00,1690.9897356255683007
2.70,140.00,1157.6501103427294765
2.80,140.00,792.5262642003882547
2.90,140.00,542.5627949549206051
3.00,140.00,93.1906271820341345
3.10,140.00,-18.1920897194047839
3.20,140.00,-82.0585881849550987
3.30,140.00,-114.8176497996004315
3.40,140.00,-127.7586275437583510
3.50,140.00,-128.5231510122509064
3.60,140.00,-122.1962107355110874
3.70,140.00,-112.0970858831392718
3.80,140.00,-100.3423434973954613
3.90,140.00,-88.2404814475412991
4.00,140.00,-76.5648603843515474
4.10,140.00,-65.7401663321504941
4.20,140.00,-55.9683340760499703
4.30,140.00,-47.3126190658251105
4.40,140.00,-39.7530604520652986
4.50,140.00,-33.2225870064720681
4.60,140.00,-27.6301509436510564
4.70,140.00,-22.8752491820697870
4.80,140.00,-18.8567803616428336
4.90,140.00,-15.4782144979366674
5.00,140.00,-12.6503904847640651
5.10,140.00,-10.2928101609784797
5.20,140.00,-8.3339988202514217
5.30,140.00,-6.7113034545069734
5.40,140.00,-5.3703688527038187
5.50,140.00,-4.2644454725289052
5.60,140.00,-3.3536265743726030
5.70,140.00,-2.6040752818968826
5.80,140.00,-1.9872782582616044
5.90,140.00,-1.4793471127654225
6.00,140.00,-1.0603785669493493
6.20,140.00,-0.4262461720245543
6.40,140.00,0.0149781770757367
6.60,140.00,0.3299156051430958
6.80,140.00,0.5621500280388434
7.00,140.00,0.7396641082570601
7.20,140.00,0.8801179411455167
7.40,140.00,0.9945036430851224
7.60,140.00,1.0896137226928897
7.80,140.00,1.1696664962546990
8.00,140.00,1.2373478837057355
8.20,140.00,1.2944594305308745
8.40,140.00,1.3423076314474300
8.60,140.00,1.3819281175776843
8.80,140.00,1.4142078233079081
9.00,140.00,1.4399465669641609
9.50,140.00,1.4804104662857660
10.00,140.00,1.4946799005094913
10.50,140.00,1.4909426334057130
11.00,140.00,1.4753681774958423
11.50,140.00,1.4523438273677283
12.00,140.00,1.4248523994105442
12.50,140.00,1.3948544005532777
13.00,140.00,1.3636055856822333
13.50,140.00,1.3318938417743746
14.00,140.00,1.3002045796111965
14.50,140.00,1.2688313303313539
15.00,140.00,1.2379475709675916
16.00,140.00,1.1779994030529157
17.00,140.00,1.1207053158243621
18.00,140.00,1.0661059385784759
19.00,140.00,1.0141327139983853
20.00,140.00,0.9646807440799359
21.00,140.00,0.9176356032700432
22.00,140.00,0.8728830516144152
23.00,140.00,0.8303124345807634
24.00,140.00,0.7898177634165070
25.00,140.00,0.7512979495722943
50.00,140.00,0.2152504760028330
100.00,140.00,0.0176688350264861
2.00,145.00,24657.3439988628888386
2.10,145.00,16724.0734891112988407
2.20,145.00,11343.2587906505195861
2.30,145.00,7693.6710470355428697
2.40,145.00,5218.3041286849093012
2.50,145.00,3539.3634343051689939
2.60,145.00,2400.6062527546660021
2.70,145.00,1628.2335758198662461
2.80,145.00,1104.3646055595343114
2.90,145.00,749.0455915691004520
3.00,145.00,508.0471570934064403
3.10,145.00,66.9116637931911100
3.20,145.00,-37.4856960877049445
3.30,145.00,-96.2540295248850981
3.40,145.00,-125.4979792993493106
3.50,145.00,-136.1153972758349653
3.60,145.00,-135.3825837849001914
3.70,145.00,-128.0894241548517414
3.80,145.00,-117.3384598512971735
3.90,145.00,-105.0994345484692332
4.00,145.00,-92.5895011868927611
4.10,145.00,-80.5311753889464939
4.20,145.00,-69.3257403548375919
4.30,145.00,-59.1688630306982262
4.40,145.00,-50.1271052435593134
4.50,145.00,-42.1881958732044424
4.60,145.00,-35.2938201440399624
4.70,145.00,-29.3608255044367716
4.80,145.00,-24.2947856723760687
4.90,145.00,-19.9985387001255006
5.00,145.00,-16.3774266152953452
5.10,145.00,-13.3423742758350610
5.20,145.00,-10.8115561093840462
5.30,145.00,-8.7111442578578231
5.40,145.00,-6.9754647319964782
5.50,145.00,-5.5467789597610491
5.60,145.00,-4.3748363797031642
5.70,145.00,-3.4162962643538690
5.80,145.00,-2.6340851948288884
5.90,145.00,-1.9967350448173731
6.00,145.00,-1.4777314572265641
6.20,145.00,-0.7097887715928806
6.40,145.00,-0.1947081628529803
6.60,145.00,0.1587240361067859
6.80,145.00,0.4102194826362946
7.00,145.00,0.5977718257523759
7.20,145.00,0.7448439604002297
7.40,145.00,0.8654748865345459
7.60,145.00,0.9677957334339302
7.80,145.00,1.0563755374799653
8.00,145.00,1.1337352554346665
8.20,145.00,1.2012893753183382
8.40,145.00,1.2599060496269066
8.60,145.00,1.3102214578528839
8.80,145.00,1.3528017716279652
9.00,145.00,1.3882149421470245
9.50,145.00,1.4493185552984229
10.00,145.00,1.4788644419845025
10.50,145.00,1.4857089664754846
11.00,145.00,1.4771170865785705
11.50,145.00,1.4585214736370382
12.00,145.00,1.4337344343688971
12.50,145.00,1.4053151387406788
13.00,145.00,1.3749276039375009
13.50,145.00,1.3436281397225955
14.00,145.00,1.3120743454330588
14.50,145.00,1.2806683389159181
15.00,145.00,1.2496512502153601
16.00,145.00,1.1892856661963103
17.00,145.00,1.1314978427569218
18.00,145.00,1.0763930168031020
19.00,145.00,1.0239257863948876
20.00,145.00,0.9739990372787996
21.00,145.00,0.9265004810087633
22.00,145.00,0.8813159679340785
23.00,145.00,0.8383342139080622
24.00,145.00,0.7974483678917706
25.00,145.00,0.7585564241846539
50.00,145.00,0.2173300672497459
100.00,145.00,0.0178395382711272
2.00,150.00,37127.9234930737147806
2.10,150.00,24831.8974808594030037
2.20,150.00,16608.0694659625587519
2.30,150.00,11107.8088816550753108
2.40,150.00,7429.1246435501461747
2.50,150.00,4968.7470821140404951
2.60,150.00,3323.1973820025932582
2.70,150.00,2222.6208453037579602
2.80,150.00,1486.5332552115453382
2.90,150.00,994.2231593476420812
3.00,150.00,664.9563251395522911
3.10,150.00,444.7360838317483172
3.20,150.00,25.6642454565042364
3.30,150.00,-67.7445831202921909
3.40,150.00,-118.5621044019110855
3.50,150.00,-142.2540881416663581
3.60,150.00,-149.0665677978861368
3.70,150.00,-145.7279582101368476
3.80,150.00,-136.6135622650413382
3.90,150.00,-124.5346628415886130
4.00,150.00,-111.2689022725899264
4.10,150.00,-97.9143871531963583
4.20,150.00,-85.1248544481411500
4.30,150.00,-73.2652449655760023
4.40,150.00,-62.5143701486886414
4.50,150.00,-52.9325869309911710
4.60,150.00,-44.5064014466054232
4.70,150.00,-37.1778762452459546
4.80,150.00,-30.8640142361898704
4.90,150.00,-25.4695064909253261
5.00,150.00,-20.8950600059053038
5.10,150.00,-17.0427589089440659
5.20,150.00,-13.8194182065480753
5.30,150.00,-11.1385692103529301
5.40,150.00,-8.9215082806302881
5.50,150.00,-7.0977050476875423
5.60,150.00,-5.6047767400451862
5.70,150.00,-4.3881750262267190
5.80,150.00,-3.4006903545242904
5.90,150.00,-2.6018495614406740
6.00,150.00,-1.9572613979446669
6.20,150.00,-1.0196967573192335
6.40,150.00,-0.4096374778330494
6.60,150.00,-0.0061650067952546
6.80,150.00,0.2701057222352770
7.00,150.00,0.4695651228043898
7.20,150.00,0.6230389306470043
7.40,150.00,0.7486034808513731
7.60,150.00,0.8563366473696259
7.80,150.00,0.9515161078135503
8.00,150.00,1.0366961691166705
8.20,150.00,1.1130035789366572
8.40,150.00,1.1809081134352342
8.60,150.00,1.2406524720895855
8.80,150.00,1.2924698740854161
9.00,150.00,1.3366756641263928
9.50,150.00,1.4168551064050225
10.00,150.00,1.4607646231694826
10.50,150.00,1.4776803359771105
11.00,150.00,1.4758018993070583
11.50,150.00,1.4615089909944101
12.00,150.00,1.4393845616201255
12.50,150.00,1.4125515287929928
13.00,150.00,1.3830614836579398
13.50,150.00,1.3522268813884051
14.00,150.00,1.3208702072977800
14.50,150.00,1.2894978147521945
15.00,150.00,1.2584158932693268
16.00,150.00,1.1977707202940850
17.00,150.00,1.1396237543185099
18.00,150.00,1.0841427886832067
19.00,150.00,1.0313050250307787
20.00,150.00,0.9810211202621342
21.00,150.00,0.9331810990525098
22.00,150.00,0.8876711385603394
23.00,150.00,0.8443795753918665
24.00,150.00,0.8031989437186096
25.00,150.00,0.7640265595506186
50.00,150.00,0.2188972906018143
100.00,150.00,0.0179681837978251
2.00,155.00,55705.4986324229539605
2.10,155.00,36621.3544210279214894
2.20,155.00,24075.2462962417630479
2.30,155.00,15827.3087762119830586
2.40,155.00,10405.0317913740545919
2.50,155.00,6840.3724290906393435
2.60,155.00,4496.9295535890278188
2.70,155.00,2956.3266648963417538
2.80,155.00,1943.5188489003153336
2.90,155.00,1277.6888159493148578
3.00,155.00,839.9654633273349873
3.10,155.00,552.2017339241490390
3.20,155.00,104.2946285176724928
3.30,155.00,-29.9908918106032800
3.40,155.00,-107.1262685801648615
3.50,155.00,-147.0332718812444739
3.60,155.00,-163.2539258505323119
3.70,155.00,-164.8536948414656820
3.80,155.00,-157.8142861044082679
3.90,155.00,-146.0252661646918000
4.00,155.00,-131.9748946625585688
4.10,155.00,-117.2230172915149353
4.20,155.00,-102.7201427008782275
4.30,155.00,-89.0202356162999848
4.40,155.00,-76.4213420210936505
4.50,155.00,-65.0579154188288697
4.60,155.00,-54.9611948552908984
4.70,155.00,-46.0986360110083027
4.80,155.00,-38.3996848510736726
4.90,155.00,-31.7726623449870011
5.00,155.00,-26.1158485742699291
5.10,155.00,-21.3247534044219194
5.20,155.00,-17.2968499149777202
5.30,155.00,-13.9345934650018606
5.40,155.00,-11.1472629570388584
5.50,155.00,-8.8519808858637248
5.60,155.00,-6.9741553842795767
5.70,155.00,-5.4475152194456804
5.80,155.00,-4.2138615414024123
5.90,155.00,-3.2226282986469110
6.00,155.00,-2.4303206915261160
6.20,155.00,-1.3000449986560227
6.40,155.00,-0.5920217068037135
6.60,155.00,-0.1472269900031078
6.80,155.00,0.1397865935688629
7.00,155.00,0.3361759486341986
7.20,155.00,0.4827746864447180
7.40,155.00,0.6030241663848910
7.60,155.00,0.7093632578812985
7.80,155.00,0.8076214035942104
8.00,155.00,0.8999194548583349
8.20,155.00,0.9865022928767149
8.40,155.00,1.0668366960656337
8.60,155.00,1.1402236110864439
8.80,155.00,1.2061031369643394
9.00,155.00,1.2641749062828533
9.50,155.00,1.3756198080339239
10.00,155.00,1.4438572730962385
10.50,155.00,1.4781061512273075
11.00,155.00,1.4878349819436378
11.50,155.00,1.4809342241473331
12.00,155.00,1.4632909056526244
12.50,155.00,1.4390111478678715
13.00,155.00,1.4108346768007496
13.50,155.00,1.3805339322661310
14.00,155.00,1.3492297237410849
14.50,155.00,1.3176179270847643
15.00,155.00,1.2861233923150854
16.00,155.00,1.2243990475465456
17.00,155.00,1.1650540995418126
18.00,155.00,1.1083700307891762
19.00,155.00,1.0543643759258809
20.00,155.00,1.0029608912355428
21.00,155.00,0.9540527086964748
22.00,155.00,0.9075255099160000
23.00,155.00,0.8632658885885652
24.00,155.00,0.8211642528772122
25.00,155.00,0.7811157242077698
50.00,155.00,0.2237934243872929
100.00,155.00,0.0183700829328685
2.00,160.00,82497.3245998517959379
2.10,160.00,53220.4232747176647536
2.20,160.00,34333.3976862710696878
2.30,160.00,22149.0571504647814436
2.40,160.00,14288.7324213391912053
2.50,160.00,9217.9036254979273508
2.60,160.00,5946.6259667702570368
2.70,160.00,3836.2692674340219128
2.80,160.00,2474.8423685123539144
2.90,160.00,1596.5627858757120521
3.00,160.00,1029.9697312744165174
3.10,160.00,664.4509421905560203
3.20,160.00,428.6485720620553366
3.30,160.00,13.6187698805729589
3.40,160.00,-93.4000530481020377
3.50,160.00,-151.1186959510714871
3.60,160.00,-177.5280211596970616
3.70,160.00,-184.4996913373922212
3.80,160.00,-179.7959816921268157
3.90,160.00,-168.4453492388207678
4.00,160.00,-153.6714309562015615
4.10,160.00,-137.5134733537153693
4.20,160.00,-121.2369365425553269
4.30,160.00,-105.6033687104134202
4.40,160.00,-91.0469955698254125
4.50,160.00,-77.7900694416416769
4.60,160.00,-65.9183075779987888
4.70,160.00,-55.4304352378821363
4.80,160.00,-46.2709414306200202
4.90,160.00,-38.3519137227393614
5.00,160.00,-31.5677082664119055
5.10,160.00,-25.8048554768074432
5.20,160.00,-20.9487407932781373
5.30,160.00,-16.8880581006263064
5.40,160.00,-13.5176941463805402
5.50,160.00,-10.7404897577129379
5.60,160.00,-8.4681892810015924
5.70,160.00,-6.6218029571663060
5.80,160.00,-5.1315491398683832
5.90,160.00,-3.9365030346694030
6.00,160.00,-2.9840492820379079
6.20,160.00,-1.6339288843829607
6.40,160.00,-0.7997813911113081
6.60,160.00,-0.2870546784887378
6.80,160.00,0.0336960687747347
7.00,160.00,0.2451454156362876
7.20,160.00,0.3976855324165269
7.40,160.00,0.5203020269611813
7.60,160.00,0.6283879117815163
7.80,160.00,0.7291345576358370
8.00,160.00,0.8251036285839615
8.20,160.00,0.9164926024373199
8.40,160.00,1.0024991313080034
8.60,160.00,1.0820880304993179
8.80,160.00,1.1543788260304497
9.00,160.00,1.2188041403826395
9.50,160.00,1.3447120686924010
10.00,160.00,1.4243580132801925
10.50,160.00,1.4668566891003378
11.00,160.00,1.4822170902847618
11.50,160.00,1.4790061535753365
12.00,160.00,1.4637045893776475
12.50,160.00,1.4408696637609906
13.00,160.00,1.4135582317248483
13.50,160.00,1.3837552865295080
14.00,160.00,1.3527197462381140
14.50,160.00,1.3212353602257214
15.00,160.00,1.2897820822237551
16.00,160.00,1.2280054640675504
17.00,160.00,1.1685313153680543
18.00,160.00,1.1116948850852624
19.00,160.00,1.0575334204478715
20.00,160.00,1.0059777154981635
21.00,160.00,0.9569232602973371
22.00,160.00,0.9102563793388394
23.00,160.00,0.8658636882978578
24.00,160.00,0.8236353992075317
25.00,160.00,0.7834663670578175
50.00,160.00,0.2244668976849730
100.00,160.00,0.0184253649875818
2.00,165.00,103951.9067580013506813
2.10,165.00,66961.5360678641882259
2.20,165.00,43133.8630757991995779
2.30,165.00,27785.0577076993467927
2.40,165.00,17897.9895787105051568
2.50,165.00,11529.1475846337179973
2.60,165.00,7426.6019344638643815
2.70,165.00,4783.9110296838707654
2.80,165.00,3081.5984136334609502
2.90,165.00,1985.0387525989951882
3.00,165.00,1278.6801913860479090
3.10,165.00,823.6731044682802576
3.20,165.00,530.5762829476630031
3.30,165.00,56.3988505172151733
3.40,165.00,-79.0814477688459618
3.50,165.00,-154.6150078945594828
3.60,165.00,-191.3907705214310795
3.70,165.00,-203.7582556782753898
3.80,165.00,-201.2698419550405049
3.90,165.00,-190.1846018085906280
4.00,165.00,-174.5399091706708532
4.10,165.00,-156.8958150677059677
4.20,165.00,-138.8416094591995034
4.30,165.00,-121.3348323593857714
4.40,165.00,-104.9251349852114998
4.50,165.00,-89.9006132830756997
4.60,165.00,-76.3828306237794408
4.70,165.00,-64.3883509197270598
4.80,165.00,-53.8686407162155376
4.90,165.00,-44.7360857357537540
5.00,165.00,-36.8811007418742207
5.10,165.00,-30.1834923634018466
5.20,165.00,-24.5200630037180503
5.30,165.00,-19.7697039926080862
5.40,165.00,-15.8167668003794919
5.50,165.00,-12.5532200047753442
5.60,165.00,-9.8799290864280014
5.70,165.00,-7.7072924319683835
5.80,165.00,-5.9554028082955401
5.90,165.00,-4.5538623798632383
6.00,165.00,-3.4413512409201004
6.20,165.00,-1.8798314232574791
6.40,165.00,-0.9368862962461066
6.60,165.00,-0.3786334386069532
6.80,165.00,-0.0478365688417719
7.00,165.00,0.1566629780004209
7.20,165.00,0.2967101659897089
7.40,165.00,0.4077393713535538
7.60,165.00,0.5082385111990009
7.80,165.00,0.6063931020371816
8.00,165.00,0.7045543302905866
8.20,165.00,0.8021093518501428
8.40,165.00,0.8972288811206066
8.60,165.00,0.9878585868785066
8.80,165.00,1.0722233004551893
9.00,165.00,1.1490330890726028
9.50,165.00,1.3040862971641418
10.00,165.00,1.4072795835484282
10.50,165.00,1.4669348117908163
11.00,165.00,1.4939535821657168
11.50,165.00,1.4982447857868224
12.00,165.00,1.4875284522791981
12.50,165.00,1.4673266997113630
13.00,165.00,1.4413841742659916
13.50,165.00,1.4121509390934228
14.00,165.00,1.3811898306005375
14.50,165.00,1.3494786738534119
15.00,165.00,1.3176193706728807
16.00,165.00,1.2547667623052412
17.00,165.00,1.1940917303612626
18.00,165.00,1.1360471872819775
19.00,165.00,1.0807122256836876
20.00,165.00,1.0280312970029881
21.00,165.00,0.9779031969276010
22.00,165.00,0.9302138191969420
23.00,165.00,0.8848480523708929
24.00,165.00,0.8416939805871295
25.00,165.00,0.8006442562257250
50.00,165.00,0.2293884516905649
100.00,165.00,0.0188293507413583
2.00,170.00,147756.1335152210376691
2.10,170.00,92801.6672059752745554
2.20,170.00,58286.2398420937679475
2.30,170.00,36608.0250195261760382
2.40,170.00,22992.5193229295909987
2.50,170.00,14440.9851264392000303
2.60,170.00,9069.9957013438943250
2.70,170.00,5696.6212001550111381
2.80,170.00,3577.8950913115991170
2.90,170.00,2247.1800098070903005
3.00,170.00,1411.3935337957052525
3.10,170.00,886.4584494997062620
3.20,170.00,556.7607927011858919
3.30,170.00,91.9748090986519884
3.40,170.00,-67.1366635789998014
3.50,170.00,-157.7993668955851660
3.60,170.00,-203.4458693412177013
3.70,170.00,-220.3957241190152843
3.80,170.00,-219.7187066332492407
3.90,170.00,-208.7533130356713116
4.00,170.00,-192.2616062705415345
4.10,170.00,-173.2674689656186615
4.20,170.00,-153.6444046031755022
4.30,170.00,-134.5166978705408667
4.40,170.00,-116.5272582045828216
4.50,170.00,-100.0132988346994978
4.60,170.00,-85.1199744933713305
4.70,170.00,-71.8731751733132000
4.80,170.00,-60.2259246037903679
4.90,170.00,-50.0879676743644140
5.00,170.00,-41.3447534597668991
5.10,170.00,-33.8697484645900744
5.20,170.00,-27.5325293426481821
5.30,170.00,-22.2041589979003042
5.40,170.00,-17.7607636971074641
5.50,170.00,-14.0858741955310176
5.60,170.00,-11.0718842296060807
5.70,170.00,-8.6208579828221552
5.80,170.00,-6.6448478665829018
5.90,170.00,-5.0658427182265484
6.00,170.00,-3.8154409724459728
6.20,170.00,-2.0716071167946097
6.40,170.00,-1.0354468187928929
6.60,170.00,-0.4395262688885255
6.80,170.00,-0.1024822919747250
7.00,170.00,0.0931411553597399
7.20,170.00,0.2194307753151372
7.40,170.00,0.3176681531595773
7.60,170.00,0.4091927183710551
7.80,170.00,0.5031352843086851
8.00,170.00,0.6016811758054799
8.20,170.00,0.7034864810656671
8.40,170.00,0.8057772326051802
8.60,170.00,0.9055502303155252
8.80,170.00,1.0001885688467824
9.00,170.00,1.0877152219030781
9.50,170.00,1.2684289539131486
10.00,170.00,1.3926549327667066
10.50,170.00,1.4677595724286718
11.00,170.00,1.5053281465094499
11.50,170.00,1.5164275172730448
12.00,170.00,1.5098774496863205
12.50,170.00,1.4920670832894170
13.00,170.00,1.4673634866202481
13.50,170.00,1.4386394369437094
14.00,170.00,1.4077348041205830
14.50,170.00,1.3758046644868647
15.00,170.00,1.3435624445037495
16.00,170.00,1.2797028734047313
17.00,170.00,1.2179073494052248
18.00,170.00,1.1587366097230651
19.00,170.00,1.1023080804236480
20.00,170.00,1.0485786986907570
21.00,170.00,0.9974502525092018
22.00,170.00,0.9488082021295938
23.00,170.00,0.9025358151370749
24.00,170.00,0.8585191887598456
25.00,170.00,0.8166489216045367
50.00,170.00,0.2339738709282177
100.00,170.00,0.0192057448731710
2.00,175.00,174295.7627179309783969
2.10,175.00,108541.6455249723949237
2.20,175.00,67593.6616562207345851
2.30,175.00,42093.5491994589028764
2.40,175.00,26213.5064263706190104
2.50,175.00,16324.3046080373514997
2.60,175.00,10165.8632233919452119
2.70,175.00,6330.7306227200979265
2.80,175.00,3942.4246949560656503
2.90,175.00,2455.1214388460625742
3.00,175.00,1528.9122166856564036
3.10,175.00,952.1209539147438363
3.20,175.00,592.9276390038190812
3.30,175.00,114.9799179897193397
3.40,175.00,-59.4789777933614161
3.50,175.00,-160.2202963084965859
3.60,175.00,-211.8386427200167361
3.70,175.00,-231.8623828818532218
3.80,175.00,-232.3616533270614752
3.90,175.00,-221.4130530194759672
4.00,175.00,-204.2832467357221446
4.10,175.00,-184.3207844484676343
4.20,175.00,-163.5967992466016767
4.30,175.00,-143.3491653291349905
4.40,175.00,-124.2818038853527298
4.50,175.00,-106.7617524974431973
4.60,175.00,-90.9464842014007502
4.70,175.00,-76.8649591289263867
4.80,175.00,-64.4687105950053763
4.90,175.00,-53.6639101171949804
5.00,175.00,-44.3315468853903951
5.10,175.00,-36.3402518462395179
5.20,175.00,-29.5545736668516703
5.30,175.00,-23.8404098100613027
5.40,175.00,-19.0686099607958397
5.50,175.00,-15.1173558616334685
5.60,175.00,-11.8736804975555330
5.70,175.00,-9.2343531365170843
5.80,175.00,-7.1062814799262464
5.90,175.00,-5.4065410295675882
6.00,175.00,-4.0621185645209792
6.20,175.00,-2.1937595858186221
6.40,175.00,-1.0940883732582867
6.60,175.00,-0.4730234103190107
6.80,175.00,-0.1326988162889671
7.00,175.00,0.0556196962188760
7.20,175.00,0.1711827448211962
7.40,175.00,0.2594058997892685
7.60,175.00,0.3436708959371111
7.80,175.00,0.4338042964625473
8.00,175.00,0.5318927019384831
8.20,175.00,0.6360829816563209
8.40,175.00,0.7429316573318780
8.60,175.00,0.8487565968304254
8.80,175.00,0.9503340024954192
9.00,175.00,1.0451877959239371
9.50,175.00,1.2436620000189849
10.00,175.00,1.3825927498534698
10.50,175.00,1.4685603634923234
11.00,175.00,1.5135729585924711
11.50,175.00,1.5294868696424215
12.00,175.00,1.5258869044030241
12.50,175.00,1.5097707024557769
13.00,175.00,1.4859443071262763
13.50,175.00,1.4575795251419879
14.00,175.00,1.4267125893970121
14.50,175.00,1.3946243815988071
15.00,175.00,1.3621075567574317
16.00,175.00,1.2975273743811377
17.00,175.00,1.2349306346993199
18.00,175.00,1.1749547942898380
19.00,175.00,1.1177445563393837
20.00,175.00,1.0632657385928568
21.00,175.00,1.0114222518904321
22.00,175.00,0.9620992407832430
23.00,175.00,0.9151788120596455
24.00,175.00,0.8705456419418244
25.00,175.00,0.8280888607348199
50.00,175.00,0.2372514725189125
100.00,175.00,0.0194747867952329
2.00,180.00,183866.8523482815362513
2.10,180.00,114243.9335487067728536
2.20,180.00,70984.3899865038110875
2.30,180.00,44105.4808359504168038
2.40,180.00,27404.5242924569720344
2.50,180.00,17027.5425516666582553
2.60,180.00,10579.9028749651861290
2.70,180.00,6573.7228084472135379
2.80,180.00,4084.5206305772894666
2.90,180.00,2537.8783480455604149
3.00,180.00,1576.8867615116303114
3.10,180.00,979.7837081298893054
3.20,180.00,608.7793607934831925
3.30,180.00,122.8422622593109423
3.40,180.00,-56.8893164080343183
3.50,180.00,-161.1507247873088602
3.60,180.00,-214.8699670536043982
3.70,180.00,-235.9740386920765616
3.80,180.00,-236.8792611517806108
3.90,180.00,-225.9236365071504622
4.00,180.00,-208.5546641541071722
4.10,180.00,-188.2377983153239427
4.20,180.00,-167.1152331117432936
4.30,180.00,-146.4653328363837659
4.40,180.00,-127.0133388873385201
4.50,180.00,-109.1362810181027356
4.60,180.00,-92.9953437474240587
4.70,180.00,-78.6199692519764710
4.80,180.00,-65.9606677101356098
4.90,180.00,-54.9219801037415181
5.00,180.00,-45.3830751335973019
5.10,180.00,-37.2107344046758186
5.20,180.00,-30.2676687540538900
5.30,180.00,-24.4179448471716256
5.40,180.00,-19.5305772981630348
5.50,180.00,-15.4819059552528770
5.60,180.00,-12.1571247091788184
5.70,180.00,-9.4511860103092840
5.80,180.00,-7.2692280393762889
5.90,180.00,-5.5266303310658582
6.00,180.00,-4.1487813353382821
6.20,180.00,-2.2360687688006831
6.40,180.00,-1.1137466416227988
6.60,180.00,-0.4837458330290612
6.80,180.00,-0.1423408783307232
7.00,180.00,0.0432317051731310
7.20,180.00,0.1547970893906516
7.40,180.00,0.2392660946715170
7.60,180.00,0.3207657207496615
7.80,180.00,0.4093819551255724
8.00,180.00,0.5071722165577415
8.20,180.00,0.6121036719142949
8.40,180.00,0.7204931545201676
8.60,180.00,0.8284138131436161
8.80,180.00,0.9324220344847359
9.00,180.00,1.0298602045874736
9.50,180.00,1.2346418653284879
10.00,180.00,1.3788247859196610
10.50,180.00,1.4686857525522585
11.00,180.00,1.5163729433594593
11.50,180.00,1.5340204312993975
12.00,180.00,1.5314852475561749
12.50,180.00,1.5159826118880921
13.00,180.00,1.4924759523558526
13.50,180.00,1.4642444635179441
14.00,180.00,1.4333949731236340
14.50,180.00,1.4012536251749177
15.00,180.00,1.3686415947167709
16.00,180.00,1.3038089838150835
17.00,180.00,1.2409304237921839
18.00,180.00,1.1806710275858516
19.00,180.00,1.1231853431471763
20.00,180.00,1.0684424038687752
21.00,180.00,1.0163469004339820
22.00,180.00,0.9667838777731687
23.00,180.00,0.9196350378243511
24.00,180.00,0.8747845575327610
25.00,180.00,0.8321210502581914
50.00,180.00,0.2384067156562062
100.00,180.00,0.0195696149265679
