2.0,0.0,17970.861757
2.1,0.0,11875.923026
2.2,0.0,7766.350364
2.3,0.0,5020.728703
2.4,0.0,3206.100879
2.5,0.0,2018.811958
2.6,0.0,1248.442399
2.7,0.0,752.385366
2.8,0.0,435.886987
2.9,0.0,236.612881
3.0,0.0,113.60628
3.1,0.0,39.915191
3.2,0.0,-2.190907
3.3,0.0,-24.347013
3.4,0.0,-34.168042
3.5,0.0,-36.627951
3.6,0.0,-34.962383
3.7,0.0,-31.249927
3.8,0.0,-26.786897
3.9,0.0,-22.336078
4.0,0.0,-18.299924
4.1,0.0,-14.846073
4.2,0.0,-11.999259
4.3,0.0,-9.70688
4.4,0.0,-7.883026
4.5,0.0,-6.435521
4.6,0.0,-5.280365
4.7,0.0,-4.347739
4.8,0.0,-3.582942
4.9,0.0,-2.944813
5.0,0.0,-2.403199
5.1,0.0,-1.936372
5.2,0.0,-1.528798
5.3,0.0,-1.169375
5.4,0.0,-0.850104
5.5,0.0,-0.565119
5.6,0.0,-0.310008
5.7,0.0,-0.081322
5.8,0.0,0.123728
5.9,0.0,0.307494
6.0,0.0,0.47202
6.2,0.0,0.750465
6.4,0.0,0.971698
6.6,0.0,1.146243
6.8,0.0,1.282869
7.0,0.0,1.388804
7.2,0.0,1.46995
7.4,0.0,1.531101
7.6,0.0,1.576116
7.8,0.0,1.608102
8.0,0.0,1.629562
8.2,0.0,1.642512
8.4,0.0,1.648581
8.6,0.0,1.649085
8.8,0.0,1.645088
9.0,0.0,1.637463
9.5,0.0,1.606861
10.0,0.0,1.56567
10.5,0.0,1.518805
11.0,0.0,1.469309
11.5,0.0,1.419072
12.0,0.0,1.369267
12.5,0.0,1.320608
13.0,0.0,1.273514
13.5,0.0,1.228222
14.0,0.0,1.184837
14.5,0.0,1.143396
15.0,0.0,1.103873
16.0,0.0,1.030369
17.0,0.0,0.96373
18.0,0.0,0.903275
19.0,0.0,0.848322
20.0,0.0,0.798404
21.0,0.0,0.752931
22.0,0.0,0.710888
23.0,0.0,0.672264
24.0,0.0,0.636678
25.0,0.0,0.603798
50.0,0.0,0.202078
100.0,0.0,-0.001223
2.0,5.0,17719.417171
2.1,5.0,11712.048509
2.2,5.0,7659.544839
2.3,5.0,4951.405667
2.4,5.0,3161.389947
2.5,5.0,1990.131033
2.6,5.0,1230.147578
2.7,5.0,740.787456
2.8,5.0,428.607409
2.9,5.0,232.106872
3.0,5.0,110.875439
3.1,5.0,38.309574
3.2,5.0,-3.090165
3.3,5.0,-24.810284
3.4,5.0,-34.368353
3.5,5.0,-36.675988
3.6,5.0,-34.928598
3.7,5.0,-31.178109
3.8,5.0,-26.70313
3.9,5.0,-22.254838
4.0,5.0,-18.227995
4.1,5.0,-14.785665
4.2,5.0,-11.949924
4.3,5.0,-9.667001
4.4,5.0,-7.850599
4.5,5.0,-6.408698
4.6,5.0,-5.257598
4.7,5.0,-4.327872
4.8,5.0,-3.565151
4.9,5.0,-2.928567
5.0,5.0,-2.388152
5.1,5.0,-1.922319
5.2,5.0,-1.515626
5.3,5.0,-1.15702
5.4,5.0,-0.83853
5.5,5.0,-0.554299
5.6,5.0,-0.299922
5.7,5.0,-0.071943
5.8,5.0,0.132429
5.9,5.0,0.315543
6.0,5.0,0.479462
6.2,5.0,0.756799
6.4,5.0,0.977082
6.6,5.0,1.150825
6.8,5.0,1.28678
7.0,5.0,1.392156
7.2,5.0,1.472843
7.4,5.0,1.533606
7.6,5.0,1.578299
7.8,5.0,1.610021
8.0,5.0,1.631255
8.2,5.0,1.644017
8.4,5.0,1.649931
8.6,5.0,1.650298
8.8,5.0,1.646185
9.0,5.0,1.638463
9.5,5.0,1.607671
10.0,5.0,1.566346
10.5,5.0,1.519382
11.0,5.0,1.469815
11.5,5.0,1.419524
12.0,5.0,1.369675
12.5,5.0,1.320981
13.0,5.0,1.273862
13.5,5.0,1.228548
14.0,5.0,1.185145
14.5,5.0,1.143687
15.0,5.0,1.104149
16.0,5.0,1.030622
17.0,5.0,0.963969
18.0,5.0,0.9035
19.0,5.0,0.848534
20.0,5.0,0.798609
21.0,5.0,0.753127
22.0,5.0,0.711075
23.0,5.0,0.672448
24.0,5.0,0.63686
25.0,5.0,0.603976
50.0,5.0,0.202219
100.0,5.0,-0.00109
2.0,10.0,16995.443936
2.1,10.0,11239.416273
2.2,10.0,7351.097377
2.3,10.0,4751.110189
2.4,10.0,3032.125773
2.5,10.0,1907.208059
2.6,10.0,1177.2253
2.7,10.0,707.236125
2.8,10.0,407.538347
2.9,10.0,219.068332
3.0,10.0,102.972066
3.1,10.0,33.666258
3.2,10.0,-5.687962
3.3,10.0,-26.144017
3.4,10.0,-34.940197
3.5,10.0,-36.807429
3.6,10.0,-34.823841
3.7,10.0,-30.964228
3.8,10.0,-26.455989
3.9,10.0,-22.016031
4.0,10.0,-18.017168
4.1,10.0,-14.60885
4.2,10.0,-11.805717
4.3,10.0,-9.550497
4.4,10.0,-7.755916
4.5,10.0,-6.330335
4.6,10.0,-5.191068
4.7,10.0,-4.269794
4.8,10.0,-3.513143
4.9,10.0,-2.881042
5.0,10.0,-2.344128
5.1,10.0,-1.881213
5.2,10.0,-1.477106
5.3,10.0,-1.120902
5.4,10.0,-0.804707
5.5,10.0,-0.522705
5.6,10.0,-0.27049
5.7,10.0,-0.044605
5.8,10.0,0.157758
5.9,10.0,0.338963
6.0,10.0,0.501074
6.2,10.0,0.775143
6.4,10.0,0.99262
6.6,10.0,1.16399
6.8,10.0,1.297958
7.0,10.0,1.401681
7.2,10.0,1.480998
7.4,10.0,1.540624
7.6,10.0,1.584373
7.8,10.0,1.615304
8.0,10.0,1.635882
8.2,10.0,1.648088
8.4,10.0,1.653529
8.6,10.0,1.653497
8.8,10.0,1.649051
9.0,10.0,1.641035
9.5,10.0,1.60968
10.0,10.0,1.567956
10.5,10.0,1.520706
11.0,10.0,1.470924
11.5,10.0,1.42047
12.0,10.0,1.370495
12.5,10.0,1.321703
13.0,10.0,1.274503
13.5,10.0,1.229119
14.0,10.0,1.18566
14.5,10.0,1.144157
15.0,10.0,1.104581
16.0,10.0,1.030988
17.0,10.0,0.964286
18.0,10.0,0.903774
19.0,10.0,0.84878
20.0,10.0,0.798821
21.0,10.0,0.753308
22.0,10.0,0.711242
23.0,10.0,0.672602
24.0,10.0,0.636998
25.0,10.0,0.604105
50.0,10.0,0.20225
100.0,10.0,-0.001082
2.0,15.0,15882.967597
2.1,15.0,10510.420137
2.2,15.0,6874.393628
2.3,15.0,4441.199569
2.4,15.0,2831.974212
2.5,15.0,1778.692343
2.6,15.0,1095.164767
2.7,15.0,655.183108
2.8,15.0,374.84337
2.9,15.0,198.827733
3.0,15.0,90.708583
3.1,15.0,26.469064
3.2,15.0,-9.702521
3.3,15.0,-28.19114
3.4,15.0,-35.802153
3.5,15.0,-36.985842
3.6,15.0,-34.637878
3.7,15.0,-30.612431
3.8,15.0,-26.056349
3.9,15.0,-21.632976
4.0,15.0,-17.680532
4.1,15.0,-14.327289
4.2,15.0,-11.576351
4.3,15.0,-9.365132
4.4,15.0,-7.605074
4.5,15.0,-6.205261
4.6,15.0,-5.084609
4.7,15.0,-4.176603
4.8,15.0,-3.429499
4.9,15.0,-2.804477
5.0,15.0,-2.273111
5.1,15.0,-1.814832
5.2,15.0,-1.414853
5.3,15.0,-1.062499
5.4,15.0,-0.750003
5.5,15.0,-0.471588
5.6,15.0,-0.222856
5.7,15.0,-0.000346
5.8,15.0,0.198775
5.9,15.0,0.376892
6.0,15.0,0.536082
6.2,15.0,0.804865
6.4,15.0,1.0178
6.6,15.0,1.18533
6.8,15.0,1.316089
7.0,15.0,1.417147
7.2,15.0,1.494241
7.4,15.0,1.55203
7.6,15.0,1.594245
7.8,15.0,1.623896
8.0,15.0,1.643403
8.2,15.0,1.654708
8.4,15.0,1.659388
8.6,15.0,1.658715
8.8,15.0,1.653713
9.0,15.0,1.645227
9.5,15.0,1.612958
10.0,15.0,1.570592
10.5,15.0,1.522871
11.0,15.0,1.472745
11.5,15.0,1.422025
12.0,15.0,1.371843
12.5,15.0,1.322885
13.0,15.0,1.275553
13.5,15.0,1.230062
14.0,15.0,1.186515
14.5,15.0,1.144933
15.0,15.0,1.10529
16.0,15.0,1.031596
17.0,15.0,0.964808
18.0,15.0,0.904234
19.0,15.0,0.849186
20.0,15.0,0.799175
21.0,15.0,0.753605
22.0,15.0,0.711517
23.0,15.0,0.672852
24.0,15.0,0.637231
25.0,15.0,0.604316
50.0,15.0,0.202302
100.0,15.0,-0.00107
2.0,20.0,14499.481614
2.1,20.0,9599.563
2.2,20.0,6277.222832
2.3,20.0,4052.351245
2.4,20.0,2580.576896
2.5,20.0,1617.126069
2.6,20.0,991.898939
2.7,20.0,589.630524
2.8,20.0,333.647353
2.9,20.0,173.32537
3.0,20.0,75.266868
3.1,20.0,17.426271
3.2,20.0,-14.721589
3.3,20.0,-30.722347
3.4,20.0,-36.836089
3.5,20.0,-37.160019
3.6,20.0,-34.358295
3.7,20.0,-30.131277
3.8,20.0,-25.522703
3.9,20.0,-21.127306
4.0,20.0,-17.238995
4.1,20.0,-13.959371
4.2,20.0,-11.277087
4.3,20.0,-9.123253
4.4,20.0,-7.407858
4.5,20.0,-6.041191
4.6,20.0,-4.944428
4.7,20.0,-4.053431
4.8,20.0,-3.318554
4.9,20.0,-2.702648
5.0,20.0,-2.178457
5.1,20.0,-1.726227
5.2,20.0,-1.331662
5.3,20.0,-0.984394
5.4,20.0,-0.676796
5.5,20.0,-0.403148
5.6,20.0,-0.159062
5.7,20.0,0.058945
5.8,20.0,0.25374
5.9,20.0,0.42773
6.0,20.0,0.583021
6.2,20.0,0.844739
6.4,20.0,1.051598
6.6,20.0,1.213994
6.8,20.0,1.340451
7.0,20.0,1.437927
7.2,20.0,1.512056
7.4,20.0,1.567376
7.6,20.0,1.607539
7.8,20.0,1.635475
8.0,20.0,1.653543
8.2,20.0,1.663644
8.4,20.0,1.667304
8.6,20.0,1.665762
8.8,20.0,1.660021
9.0,20.0,1.650905
9.5,20.0,1.617407
10.0,20.0,1.574169
10.5,20.0,1.525823
11.0,20.0,1.475223
11.5,20.0,1.424148
12.0,20.0,1.373688
12.5,20.0,1.32451
13.0,20.0,1.276997
13.5,20.0,1.231357
14.0,20.0,1.187686
14.5,20.0,1.146
15.0,20.0,1.10627
16.0,20.0,1.032428
17.0,20.0,0.965529
18.0,20.0,0.904867
19.0,20.0,0.849745
20.0,20.0,0.799664
21.0,20.0,0.754024
22.0,20.0,0.711897
23.0,20.0,0.673198
24.0,20.0,0.637551
25.0,20.0,0.604613
50.0,20.0,0.202373
100.0,20.0,-0.001053
2.0,25.0,12972.156716
2.1,25.0,8589.086314
2.2,25.0,5612.847612
2.3,25.0,3619.011207
2.4,25.0,2300.030451
2.5,25.0,1436.607592
2.6,25.0,876.384602
2.7,25.0,516.232979
2.8,25.0,287.50002
2.9,25.0,144.765092
3.0,25.0,57.997312
3.1,25.0,7.346921
3.2,25.0,-20.274597
3.3,25.0,-33.476569
3.4,25.0,-37.910311
3.5,25.0,-37.276025
3.6,25.0,-33.976109
3.7,25.0,-29.535837
3.8,25.0,-24.880946
3.9,25.0,-20.527711
4.0,25.0,-16.719741
4.1,25.0,-13.528733
4.2,25.0,-10.92745
4.3,25.0,-8.840462
4.4,25.0,-7.176645
4.5,25.0,-5.847987
4.6,25.0,-4.778475
4.7,25.0,-3.906849
4.8,25.0,-3.185942
4.9,25.0,-2.580479
5.0,25.0,-2.064581
5.1,25.0,-1.619402
5.2,25.0,-1.231226
5.3,25.0,-0.889992
5.4,25.0,-0.58824
5.5,25.0,-0.320309
5.6,25.0,-0.081807
5.7,25.0,0.130782
5.8,25.0,0.320362
5.9,25.0,0.48938
6.0,25.0,0.639966
6.2,25.0,0.893143
6.4,25.0,1.092654
6.6,25.0,1.248834
6.8,25.0,1.37009
7.0,25.0,1.463235
7.2,25.0,1.533763
7.4,25.0,1.586091
7.6,25.0,1.623762
7.8,25.0,1.649619
8.0,25.0,1.665948
8.2,25.0,1.674579
8.4,25.0,1.676999
8.6,25.0,1.674406
8.8,25.0,1.667765
9.0,25.0,1.657879
9.5,25.0,1.622888
10.0,25.0,1.578592
10.5,25.0,1.529477
11.0,25.0,1.4783
11.5,25.0,1.426788
12.0,25.0,1.375989
12.5,25.0,1.326536
13.0,25.0,1.278802
13.5,25.0,1.232983
14.0,25.0,1.189156
14.5,25.0,1.147343
15.0,25.0,1.107501
16.0,25.0,1.033475
17.0,25.0,0.966439
18.0,25.0,0.905666
19.0,25.0,0.850452
20.0,25.0,0.800285
21.0,25.0,0.75455
22.0,25.0,0.712379
23.0,25.0,0.673645
24.0,25.0,0.637958
25.0,25.0,0.604987
50.0,25.0,0.202464
100.0,25.0,-0.001031
2.0,30.0,11417.611644
2.1,30.0,7555.685349
2.2,30.0,4931.641609
2.3,30.0,3173.976242
2.4,30.0,2011.495298
2.5,30.0,1250.651311
2.6,30.0,757.22381
2.7,30.0,440.444018
2.8,30.0,239.835286
2.9,30.0,115.284065
3.0,30.0,40.210308
3.1,30.0,-2.981866
3.2,30.0,-25.90523
3.3,30.0,-36.205186
3.4,30.0,-38.904383
3.5,30.0,-37.290665
3.6,30.0,-33.492378
3.7,30.0,-28.849944
3.8,30.0,-24.16424
3.9,30.0,-19.868727
4.0,30.0,-16.154466
4.1,30.0,-13.062417
4.2,30.0,-10.549554
4.3,30.0,-8.534403
4.4,30.0,-6.925383
4.5,30.0,-5.6368
4.6,30.0,-4.595856
4.7,30.0,-3.744492
4.8,30.0,-3.038194
4.9,30.0,-2.44374
5.0,30.0,-1.936682
5.1,30.0,-1.499121
5.2,30.0,-1.117923
5.3,30.0,-0.783351
5.4,30.0,-0.4881
5.5,30.0,-0.226551
5.6,30.0,0.005694
5.7,30.0,0.212197
5.8,30.0,0.395901
5.9,30.0,0.559314
6.0,30.0,0.70459
6.2,30.0,0.948124
6.4,30.0,1.139335
6.6,30.0,1.288483
6.8,30.0,1.403849
7.0,30.0,1.492088
7.2,30.0,1.558534
7.4,30.0,1.607469
7.6,30.0,1.642315
7.8,30.0,1.665817
8.0,30.0,1.680163
8.2,30.0,1.687131
8.4,30.0,1.688141
8.6,30.0,1.684351
8.8,30.0,1.676693
9.0,30.0,1.665929
9.5,30.0,1.629234
10.0,30.0,1.583736
10.5,30.0,1.533742
11.0,30.0,1.481909
11.5,30.0,1.429891
12.0,30.0,1.378696
12.5,30.0,1.328928
13.0,30.0,1.280941
13.5,30.0,1.234906
14.0,30.0,1.190904
14.5,30.0,1.14894
15.0,30.0,1.10897
16.0,30.0,1.034731
17.0,30.0,0.967529
18.0,30.0,0.906621
19.0,30.0,0.851299
20.0,30.0,0.801025
21.0,30.0,0.755185
22.0,30.0,0.712961
23.0,30.0,0.674177
24.0,30.0,0.638449
25.0,30.0,0.605442
50.0,30.0,0.202571
100.0,30.0,-0.001005
2.0,35.0,9928.225221
2.1,35.0,6561.762387
2.2,35.0,4275.072578
2.3,35.0,2744.355693
2.4,35.0,1732.52103
2.5,35.0,1070.553612
2.6,35.0,641.634689
2.7,35.0,366.854203
2.8,35.0,193.547142
2.9,35.0,86.689499
3.0,35.0,23.01514
3.1,35.0,-12.897685
3.2,35.0,-31.235677
3.3,35.0,-38.709773
3.4,35.0,-39.731151
3.5,35.0,-37.183563
3.6,35.0,-32.92369
3.7,35.0,-28.107966
3.8,35.0,-23.412811
3.9,35.0,-19.18945
4.0,35.0,-15.57772
4.1,35.0,-12.589229
4.2,35.0,-10.166627
4.3,35.0,-8.223539
4.4,35.0,-6.668783
4.5,35.0,-5.41944
4.6,35.0,-4.406279
4.7,35.0,-3.57455
4.8,35.0,-2.882452
4.9,35.0,-2.298793
5.0,35.0,-1.800526
5.1,35.0,-1.370666
5.2,35.0,-0.996631
5.3,35.0,-0.668989
5.4,35.0,-0.380559
5.5,35.0,-0.125761
5.6,35.0,0.099843
5.7,35.0,0.299865
5.8,35.0,0.477307
5.9,35.0,0.63472
6.0,35.0,0.774311
6.2,35.0,1.007514
6.4,35.0,1.189809
6.6,35.0,1.331401
6.8,35.0,1.440435
7.0,35.0,1.523386
7.2,35.0,1.585444
7.4,35.0,1.630726
7.6,35.0,1.662528
7.8,35.0,1.683482
8.0,35.0,1.695697
8.2,35.0,1.700867
8.4,35.0,1.700358
8.6,35.0,1.695274
8.8,35.0,1.686511
9.0,35.0,1.674798
9.5,35.0,1.636261
10.0,35.0,1.589451
10.5,35.0,1.5385
11.0,35.0,1.485951
11.5,35.0,1.433381
12.0,35.0,1.381751
12.5,35.0,1.331639
13.0,35.0,1.283366
13.5,35.0,1.237098
14.0,35.0,1.192898
14.5,35.0,1.150764
15.0,35.0,1.110643
16.0,35.0,1.036171
17.0,35.0,0.968783
18.0,35.0,0.907721
19.0,35.0,0.852276
20.0,35.0,0.801882
21.0,35.0,0.75592
22.0,35.0,0.713631
23.0,35.0,0.674793
24.0,35.0,0.639017
25.0,35.0,0.605968
50.0,35.0,0.202699
100.0,35.0,-0.000975
2.0,40.0,8567.414652
2.1,40.0,5651.099125
2.2,40.0,3672.513442
2.3,40.0,2349.552462
2.4,40.0,1475.704665
2.5,40.0,904.443123
2.6,40.0,534.849003
2.7,40.0,298.808481
2.8,40.0,150.758229
2.9,40.0,60.304967
3.0,40.0,7.218219
3.1,40.0,-21.928025
3.2,40.0,-36.007211
3.3,40.0,-40.868165
3.4,40.0,-40.352719
3.5,40.0,-36.965302
3.6,40.0,-32.305842
3.7,40.0,-27.355679
3.8,40.0,-22.67292
3.9,40.0,-18.531877
4.0,40.0,-15.02513
4.1,40.0,-12.138218
4.2,40.0,-9.801838
4.3,40.0,-7.926223
4.4,40.0,-6.421426
4.5,40.0,-5.207756
4.6,40.0,-4.219612
4.7,40.0,-3.405472
4.8,40.0,-2.726141
4.9,40.0,-2.152293
5.0,40.0,-1.662174
5.1,40.0,-1.23961
5.2,40.0,-0.872519
5.3,40.0,-0.5517
5.4,40.0,-0.270073
5.5,40.0,-0.022062
5.6,40.0,0.196825
5.7,40.0,0.390257
5.8,40.0,0.561316
5.9,40.0,0.712603
6.0,40.0,0.846382
6.2,40.0,1.068984
6.4,40.0,1.242121
6.6,40.0,1.375944
6.8,40.0,1.47845
7.0,40.0,1.555964
7.2,40.0,1.613493
7.4,40.0,1.655004
7.6,40.0,1.683667
7.8,40.0,1.701991
8.0,40.0,1.712
8.2,40.0,1.715312
8.4,40.0,1.713226
8.6,40.0,1.706805
8.8,40.0,1.696901
9.0,40.0,1.684203
9.5,40.0,1.643756
10.0,40.0,1.595582
10.5,40.0,1.543629
11.0,40.0,1.49033
11.5,40.0,1.437178
12.0,40.0,1.385094
12.5,40.0,1.334612
13.0,40.0,1.286035
13.5,40.0,1.239515
14.0,40.0,1.195102
14.5,40.0,1.152782
15.0,40.0,1.112509
16.0,40.0,1.037775
17.0,40.0,0.970179
18.0,40.0,0.908953
19.0,40.0,0.853373
20.0,40.0,0.802845
21.0,40.0,0.756748
22.0,40.0,0.714393
23.0,40.0,0.67549
24.0,40.0,0.639658
25.0,40.0,0.606557
50.0,40.0,0.20284
100.0,40.0,-0.000943
2.0,45.0,7370.552983
2.1,45.0,4848.785197
2.2,45.0,3141.090482
2.3,45.0,2000.867788
2.4,45.0,1248.46304
2.5,45.0,757.153016
2.6,45.0,440.006699
2.7,45.0,238.328698
2.8,45.0,112.744792
2.9,45.0,36.919979
3.0,45.0,-6.71173
3.1,45.0,-29.814948
3.2,45.0,-40.099645
3.3,45.0,-42.64606
3.4,45.0,-40.786264
3.5,45.0,-36.680468
3.6,45.0,-31.694315
3.7,45.0,-26.649041
3.8,45.0,-21.99558
3.9,45.0,-17.939425
4.0,45.0,-14.532108
4.1,45.0,-11.737554
4.2,45.0,-9.477379
4.3,45.0,-7.659955
4.4,45.0,-6.197359
4.5,45.0,-5.013268
4.6,45.0,-4.045571
4.7,45.0,-3.245695
4.8,45.0,-2.576735
4.9,45.0,-2.011008
5.0,45.0,-1.527818
5.1,45.0,-1.111684
5.2,45.0,-0.750888
5.3,45.0,-0.436406
5.4,45.0,-0.16121
5.5,45.0,0.080314
5.6,45.0,0.292715
5.7,45.0,0.479757
5.8,45.0,0.644587
5.9,45.0,0.789889
6.0,45.0,0.917962
6.2,45.0,1.130147
6.4,45.0,1.294258
6.6,45.0,1.420406
6.8,45.0,1.516461
7.0,45.0,1.588592
7.2,45.0,1.641637
7.4,45.0,1.679414
7.6,45.0,1.70496
7.8,45.0,1.720679
8.0,45.0,1.728502
8.2,45.0,1.729967
8.4,45.0,1.726324
8.6,45.0,1.718569
8.8,45.0,1.707526
9.0,45.0,1.693856
9.5,45.0,1.651494
10.0,45.0,1.601954
10.5,45.0,1.549001
11.0,45.0,1.49494
11.5,45.0,1.441204
12.0,45.0,1.388648
12.5,45.0,1.337787
13.0,45.0,1.288901
13.5,45.0,1.242121
14.0,45.0,1.197483
14.5,45.0,1.154972
15.0,45.0,1.114534
16.0,45.0,1.039523
17.0,45.0,0.971707
18.0,45.0,0.910304
19.0,45.0,0.854574
20.0,45.0,0.803899
21.0,45.0,0.757664
22.0,45.0,0.71523
23.0,45.0,0.676259
24.0,45.0,0.640363
25.0,45.0,0.60721
50.0,45.0,0.202996
100.0,45.0,-0.000905
2.0,50.0,6349.895932
2.1,50.0,4164.032564
2.2,50.0,2687.170414
2.3,50.0,1702.592712
2.4,50.0,1053.637571
2.5,50.0,630.590582
2.6,50.0,358.36961
2.7,50.0,186.227647
2.8,50.0,80.015739
2.9,50.0,16.827838
3.0,50.0,-18.628539
3.1,50.0,-36.50996
3.2,50.0,-43.527064
3.3,50.0,-44.095864
3.4,50.0,-41.102755
3.5,50.0,-36.405282
3.6,50.0,-31.161743
3.7,50.0,-26.052298
3.8,50.0,-21.434467
3.9,50.0,-17.455274
4.0,50.0,-14.132685
4.1,50.0,-11.413783
4.2,50.0,-9.21388
4.3,50.0,-7.4411
4.4,50.0,-6.00984
4.5,50.0,-4.847028
4.6,50.0,-3.893592
4.7,50.0,-3.103489
4.8,50.0,-2.441659
4.9,50.0,-1.881667
5.0,50.0,-1.403655
5.1,50.0,-0.992602
5.2,50.0,-0.637035
5.3,50.0,-0.328029
5.4,50.0,-0.058533
5.5,50.0,0.17713
5.6,50.0,0.383607
5.7,50.0,0.564742
5.8,50.0,0.723787
5.9,50.0,0.863494
6.0,50.0,0.986222
6.2,50.0,1.188602
6.4,50.0,1.344188
6.6,50.0,1.463074
6.8,50.0,1.553019
7.0,50.0,1.620036
7.2,50.0,1.668821
7.4,50.0,1.70305
7.6,50.0,1.725631
7.8,50.0,1.738874
8.0,50.0,1.744617
8.2,50.0,1.744325
8.4,50.0,1.73919
8.6,50.0,1.73017
8.8,50.0,1.718039
9.0,50.0,1.703434
9.5,50.0,1.659245
10.0,50.0,1.608396
10.5,50.0,1.55447
11.0,50.0,1.499673
11.5,50.0,1.445358
12.0,50.0,1.392343
12.5,50.0,1.341108
13.0,50.0,1.291909
13.5,50.0,1.244862
14.0,50.0,1.200002
14.5,50.0,1.157297
15.0,50.0,1.116681
16.0,50.0,1.041385
17.0,50.0,0.973341
18.0,50.0,0.911751
19.0,50.0,0.855865
20.0,50.0,0.805009
21.0,50.0,0.758653
22.0,50.0,0.716133
23.0,50.0,0.677092
24.0,50.0,0.641131
25.0,50.0,0.607918
50.0,50.0,0.203166
100.0,50.0,-0.000866
2.0,55.0,5500.629715
2.1,55.0,3594.197219
2.2,55.0,2309.123725
2.3,55.0,1453.682033
2.4,55.0,890.634245
2.5,55.0,524.418198
2.6,55.0,289.743735
2.7,55.0,142.373119
2.8,55.0,52.45086
2.9,55.0,-0.090551
3.0,55.0,-28.656089
3.1,55.0,-42.142314
3.2,55.0,-46.420169
3.3,55.0,-45.343536
3.4,55.0,-41.418092
3.5,55.0,-36.241379
3.6,55.0,-30.79343
3.7,55.0,-25.634296
3.8,55.0,-21.04374
3.9,55.0,-17.121251
4.0,55.0,-13.858808
4.1,55.0,-11.191381
4.2,55.0,-9.030503
4.3,55.0,-7.284894
4.4,55.0,-5.871357
4.5,55.0,-4.719543
4.6,55.0,-3.772806
4.7,55.0,-2.986954
4.8,55.0,-2.328195
4.9,55.0,-1.770929
5.0,55.0,-1.295791
5.1,55.0,-0.888009
5.2,55.0,-0.536191
5.3,55.0,-0.231406
5.4,55.0,0.033478
5.5,55.0,0.264244
5.6,55.0,0.465653
5.7,55.0,0.641672
5.8,55.0,0.795647
5.9,55.0,0.930414
6.0,55.0,1.04839
6.2,55.0,1.242003
6.4,55.0,1.389926
6.6,55.0,1.502259
6.8,55.0,1.586677
7.0,55.0,1.649067
7.2,55.0,1.693994
7.4,55.0,1.72501
7.6,55.0,1.744907
7.8,55.0,1.755901
8.0,55.0,1.759753
8.2,55.0,1.757868
8.4,55.0,1.751382
8.6,55.0,1.741207
8.8,55.0,1.728092
9.0,55.0,1.712634
9.5,55.0,1.666774
10.0,55.0,1.61472
10.5,55.0,1.559895
11.0,55.0,1.504411
11.5,55.0,1.449555
12.0,55.0,1.396102
12.5,55.0,1.344504
13.0,55.0,1.295001
13.5,55.0,1.247699
14.0,55.0,1.202614
14.5,55.0,1.159715
15.0,55.0,1.11893
16.0,55.0,1.043344
17.0,55.0,0.975067
18.0,55.0,0.913284
19.0,55.0,0.857234
20.0,55.0,0.806241
21.0,55.0,0.759709
22.0,55.0,0.717104
23.0,55.0,0.677981
24.0,55.0,0.641951
25.0,55.0,0.608673
50.0,55.0,0.20335
100.0,55.0,-0.000823
2.0,60.0,4807.298308
2.1,60.0,3129.033188
2.2,60.0,2000.101852
2.3,60.0,1249.694507
2.4,60.0,756.592726
2.5,60.0,436.812048
2.6,60.0,232.939689
2.7,60.0,105.962783
2.8,60.0,29.485609
2.9,60.0,-14.255895
3.0,60.0,-37.122835
3.1,60.0,-46.977865
3.2,60.0,-48.998613
3.3,60.0,-46.570498
3.4,60.0,-41.880305
3.5,60.0,-36.30685
3.6,60.0,-30.68141
3.7,60.0,-25.465373
3.8,60.0,-20.876098
3.9,60.0,-16.97671
4.0,60.0,-13.740027
4.1,60.0,-11.092924
4.2,60.0,-8.94492
4.3,60.0,-7.205652
4.4,60.0,-5.793825
4.5,60.0,-4.641056
4.6,60.0,-3.692186
4.7,60.0,-2.904081
4.8,60.0,-2.243561
4.9,60.0,-1.685371
5.0,60.0,-1.210251
5.1,60.0,-0.803443
5.2,60.0,-0.453468
5.3,60.0,-0.151261
5.4,60.0,0.110455
5.5,60.0,0.337624
5.6,60.0,0.535139
5.7,60.0,0.707117
5.8,60.0,0.857003
5.9,60.0,0.987727
6.0,60.0,1.101776
6.2,60.0,1.288074
6.4,60.0,1.429538
6.6,60.0,1.536319
6.8,60.0,1.616041
7.0,60.0,1.674495
7.2,60.0,1.716134
7.4,60.0,1.744405
7.6,60.0,1.762016
7.8,60.0,1.771092
8.0,60.0,1.773335
8.2,60.0,1.770088
8.4,60.0,1.762448
8.6,60.0,1.751287
8.8,60.0,1.737325
9.0,60.0,1.72114
9.5,60.0,1.673841
10.0,60.0,1.620743
10.5,60.0,1.565133
11.0,60.0,1.509035
11.5,60.0,1.453693
12.0,60.0,1.399841
12.5,60.0,1.347912
13.0,60.0,1.298125
13.5,60.0,1.250577
14.0,60.0,1.205282
14.5,60.0,1.162192
15.0,60.0,1.121241
16.0,60.0,1.045371
17.0,60.0,0.976858
18.0,60.0,0.914878
19.0,60.0,0.858663
20.0,60.0,0.807531
21.0,60.0,0.76082
22.0,60.0,0.718123
23.0,60.0,0.678918
24.0,60.0,0.642814
25.0,60.0,0.609472
50.0,60.0,0.203544
100.0,60.0,-0.000775
2.0,65.0,4249.04706
2.1,65.0,2754.415987
2.2,65.0,1750.695202
2.3,65.0,1084.421683
2.4,65.0,647.488491
2.5,65.0,365.146181
2.6,65.0,186.206919
2.7,65.0,75.797287
2.8,65.0,10.271513
2.9,65.0,-26.285786
3.0,65.0,-44.492735
3.1,65.0,-51.373694
3.2,65.0,-51.540087
3.3,65.0,-47.992771
3.4,65.0,-42.655487
3.5,65.0,-36.727374
3.6,65.0,-30.919035
3.7,65.0,-25.613871
3.8,65.0,-20.981521
3.9,65.0,-17.058286
4.0,65.0,-13.803746
4.1,65.0,-11.139483
4.2,65.0,-8.973896
4.3,65.0,-7.217163
4.4,65.0,-5.788988
4.5,65.0,-4.621732
4.6,65.0,-3.660711
4.7,65.0,-2.862882
4.8,65.0,-2.194988
4.9,65.0,-1.631541
5.0,65.0,-1.153022
5.1,65.0,-0.744386
5.2,65.0,-0.39389
5.3,65.0,-0.092209
5.4,65.0,0.168156
5.5,65.0,0.393354
5.6,65.0,0.588469
5.7,65.0,0.757762
5.8,65.0,0.904805
5.9,65.0,1.032632
6.0,65.0,1.143807
6.2,65.0,1.324617
6.4,65.0,1.461164
6.6,65.0,1.56367
6.8,65.0,1.639758
7.0,65.0,1.695156
7.2,65.0,1.734238
7.4,65.0,1.760377
7.6,65.0,1.776205
7.8,65.0,1.783795
8.0,65.0,1.784782
8.2,65.0,1.780482
8.4,65.0,1.771943
8.6,65.0,1.760018
8.8,65.0,1.745396
9.0,65.0,1.728637
9.5,65.0,1.68021
10.0,65.0,1.626281
10.5,65.0,1.570037
11.0,65.0,1.513434
11.5,65.0,1.457676
12.0,65.0,1.403481
12.5,65.0,1.351259
13.0,65.0,1.301219
13.5,65.0,1.253452
14.0,65.0,1.207954
14.5,65.0,1.164691
15.0,65.0,1.123579
16.0,65.0,1.047433
17.0,65.0,0.97869
18.0,65.0,0.916518
19.0,65.0,0.860142
20.0,65.0,0.808863
21.0,65.0,0.761978
22.0,65.0,0.719186
23.0,65.0,0.679895
24.0,65.0,0.643715
25.0,65.0,0.610302
50.0,65.0,0.203745
100.0,65.0,-0.000726
2.0,70.0,3803.790912
2.1,70.0,2455.32054
2.2,70.0,1550.859941
2.3,70.0,951.26748
2.4,70.0,558.977899
2.5,70.0,306.516725
2.6,70.0,147.571108
2.7,70.0,50.499039
2.8,70.0,-6.175379
2.9,70.0,-36.901344
3.0,70.0,-51.303875
3.1,70.0,-55.735609
3.2,70.0,-54.351687
3.3,70.0,-49.841218
3.4,70.0,-43.914968
3.5,70.0,-37.628135
3.6,70.0,-31.596708
3.7,70.0,-26.144587
3.8,70.0,-21.406574
3.9,70.0,-17.400094
4.0,70.0,-14.075741
4.1,70.0,-11.351292
4.2,70.0,-9.133928
4.3,70.0,-7.33332
4.4,70.0,-5.868759
4.5,70.0,-4.672037
4.6,70.0,-3.687634
4.7,70.0,-2.871628
4.8,70.0,-2.189872
4.9,70.0,-1.616106
5.0,70.0,-1.13012
5.1,70.0,-0.716299
5.2,70.0,-0.36242
5.3,70.0,-0.058788
5.4,70.0,0.202428
5.5,70.0,0.427639
5.6,70.0,0.622157
5.7,70.0,0.790407
5.8,70.0,0.936117
5.9,70.0,1.062425
6.0,70.0,1.171991
6.2,70.0,1.349539
6.4,70.0,1.48301
6.6,70.0,1.582787
6.8,70.0,1.656519
7.0,70.0,1.709922
7.2,70.0,1.747339
7.4,70.0,1.772087
7.6,70.0,1.786754
7.8,70.0,1.793375
8.0,70.0,1.793548
8.2,70.0,1.78856
8.4,70.0,1.779439
8.6,70.0,1.767014
8.8,70.0,1.751962
9.0,70.0,1.734826
9.5,70.0,1.685649
10.0,70.0,1.631149
10.5,70.0,1.574451
11.0,70.0,1.517483
11.5,70.0,1.46141
12.0,70.0,1.406944
12.5,70.0,1.354481
13.0,70.0,1.304226
13.5,70.0,1.256264
14.0,70.0,1.210591
14.5,70.0,1.16717
15.0,70.0,1.125911
16.0,70.0,1.049506
17.0,70.0,0.980544
18.0,70.0,0.918185
19.0,70.0,0.86164
20.0,70.0,0.81022
21.0,70.0,0.763169
22.0,70.0,0.720279
23.0,70.0,0.680901
24.0,70.0,0.644641
25.0,70.0,0.611161
50.0,70.0,0.203956
100.0,70.0,-0.000674
2.0,75.0,3451.131373
2.1,75.0,2218.005553
2.2,75.0,1391.44061
2.3,75.0,844.170526
2.4,75.0,487.014989
2.5,75.0,258.179907
2.6,75.0,115.115954
2.7,75.0,28.696176
2.8,75.0,-20.857099
2.9,75.0,-46.844551
3.0,75.0,-58.111219
3.1,75.0,-60.479731
3.2,75.0,-57.743487
3.3,75.0,-52.344314
3.4,75.0,-45.824662
3.5,75.0,-39.128114
3.6,75.0,-32.79895
3.7,75.0,-27.117898
3.8,75.0,-22.195068
3.9,75.0,-18.034855
4.0,75.0,-14.581349
4.1,75.0,-11.748801
4.2,75.0,-9.442062
4.3,75.0,-7.568692
4.4,75.0,-6.045857
4.5,75.0,-4.803112
4.6,75.0,-3.78278
4.7,75.0,-2.939014
4.8,75.0,-2.235966
4.9,75.0,-1.645979
5.0,75.0,-1.147741
5.1,75.0,-0.724744
5.2,75.0,-0.364097
5.3,75.0,-0.055548
5.4,75.0,0.209144
5.5,75.0,0.436726
5.6,75.0,0.632773
5.7,75.0,0.801924
5.8,75.0,0.948068
5.9,75.0,1.074484
6.0,75.0,1.183915
6.2,75.0,1.360792
6.4,75.0,1.493356
6.6,75.0,1.592201
6.8,75.0,1.665066
7.0,75.0,1.717724
7.2,75.0,1.754503
7.4,75.0,1.778724
7.6,75.0,1.792956
7.8,75.0,1.799213
8.0,75.0,1.799087
8.2,75.0,1.793847
8.4,75.0,1.78451
8.6,75.0,1.771902
8.8,75.0,1.756688
9.0,75.0,1.739411
9.5,75.0,1.689928
10.0,75.0,1.635172
10.5,75.0,1.578247
11.0,75.0,1.521066
11.5,75.0,1.4648
12.0,75.0,1.410148
12.5,75.0,1.357509
13.0,75.0,1.307089
13.5,75.0,1.258971
14.0,75.0,1.213151
14.5,75.0,1.169587
15.0,75.0,1.128203
16.0,75.0,1.051563
17.0,75.0,0.982394
18.0,75.0,0.91985
19.0,75.0,0.863154
20.0,75.0,0.811597
21.0,75.0,0.764512
22.0,75.0,0.721394
23.0,75.0,0.681929
24.0,75.0,0.645591
25.0,75.0,0.612036
50.0,75.0,0.204171
100.0,75.0,-0.000623
2.0,80.0,3174.629947
2.1,80.0,2031.438189
2.2,80.0,1265.173435
2.3,80.0,758.319115
2.4,80.0,428.353892
2.5,80.0,217.870651
2.6,80.0,87.211119
2.7,80.0,9.187688
2.8,80.0,-34.675896
2.9,80.0,-56.798688
3.0,80.0,-65.432375
3.1,80.0,-65.995072
3.2,80.0,-62.004233
3.3,80.0,-55.712952
3.4,80.0,-48.53673
3.5,80.0,-41.336017
3.6,80.0,-34.603806
3.7,80.0,-28.590488
3.8,80.0,-23.38935
3.9,80.0,-18.995401
4.0,80.0,-15.346945
4.1,80.0,-12.353888
4.2,80.0,-9.916891
4.3,80.0,-7.939372
4.4,80.0,-6.334262
4.5,80.0,-5.027171
4.6,80.0,-3.956885
4.7,80.0,-3.074469
4.8,80.0,-2.341557
4.9,80.0,-1.728487
5.0,80.0,-1.21237
5.1,80.0,-0.775505
5.2,80.0,-0.404069
5.3,80.0,-0.08712
5.4,80.0,0.184132
5.5,80.0,0.416841
5.6,80.0,0.616897
5.7,80.0,0.789201
5.8,80.0,0.937834
5.9,80.0,1.066217
6.0,80.0,1.177222
6.2,80.0,1.356398
6.4,80.0,1.490519
6.6,80.0,1.590472
6.8,80.0,1.664183
7.0,80.0,1.717501
7.2,80.0,1.754825
7.4,80.0,1.779505
7.6,80.0,1.794127
7.8,80.0,1.800719
8.0,80.0,1.800877
8.2,80.0,1.795883
8.4,80.0,1.786755
8.6,80.0,1.774323
8.8,80.0,1.759255
9.0,80.0,1.742103
9.5,80.0,1.692828
10.0,80.0,1.638178
10.5,80.0,1.58128
11.0,80.0,1.524075
11.5,80.0,1.46775
12.0,80.0,1.413013
12.5,80.0,1.360278
13.0,80.0,1.30975
13.5,80.0,1.26152
14.0,80.0,1.21559
14.5,80.0,1.171912
15.0,80.0,1.130417
16.0,80.0,1.053572
17.0,80.0,0.984218
18.0,80.0,0.921509
19.0,80.0,0.864657
20.0,80.0,0.812966
21.0,80.0,0.765756
22.0,80.0,0.722518
23.0,80.0,0.682967
24.0,80.0,0.646548
25.0,80.0,0.612925
50.0,80.0,0.20439
100.0,80.0,-0.000573
2.0,85.0,2963.23429
2.1,85.0,1888.482135
2.2,85.0,1167.483631
2.3,85.0,690.732293
2.4,85.0,380.95992
2.5,85.0,184.120719
2.6,85.0,62.755127
2.7,85.0,-8.882732
2.8,85.0,-48.305946
2.9,85.0,-67.297234
3.0,85.0,-73.684091
3.1,85.0,-72.601851
3.2,85.0,-67.375247
3.3,85.0,-60.126025
3.4,85.0,-52.182227
3.5,85.0,-44.34831
3.6,85.0,-37.083053
3.7,85.0,-30.617356
3.8,85.0,-25.032812
3.9,85.0,-20.317112
4.0,85.0,-16.402156
4.1,85.0,-13.191761
4.2,85.0,-10.580068
4.3,85.0,-8.463972
4.4,85.0,-6.750067
4.5,85.0,-5.358177
4.6,85.0,-4.222019
4.7,85.0,-3.288465
4.8,85.0,-2.515764
4.9,85.0,-1.87159
5.0,85.0,-1.330995
5.1,85.0,-0.87472
5.2,85.0,-0.487779
5.3,85.0,-0.158324
5.4,85.0,0.123082
5.5,85.0,0.364116
5.6,85.0,0.571058
5.7,85.0,0.749106
5.8,85.0,0.902565
5.9,85.0,1.035042
6.0,85.0,1.149551
6.2,85.0,1.334381
6.4,85.0,1.472834
6.6,85.0,1.576206
6.8,85.0,1.652666
7.0,85.0,1.708236
7.2,85.0,1.747428
7.4,85.0,1.773671
7.6,85.0,1.78961
7.8,85.0,1.797314
8.0,85.0,1.798419
8.2,85.0,1.794227
8.4,85.0,1.785783
8.6,85.0,1.773931
8.8,85.0,1.759356
9.0,85.0,1.742623
9.5,85.0,1.694141
10.0,85.0,1.639999
10.5,85.0,1.583423
11.0,85.0,1.526407
11.5,85.0,1.470176
12.0,85.0,1.41547
12.5,85.0,1.362721
13.0,85.0,1.312153
13.5,85.0,1.263862
14.0,85.0,1.21786
14.5,85.0,1.174104
15.0,85.0,1.132526
16.0,85.0,1.055511
17.0,85.0,0.985993
18.0,85.0,0.923127
19.0,85.0,0.866139
20.0,85.0,0.814323
21.0,85.0,0.766987
22.0,85.0,0.723645
23.0,85.0,0.684004
24.0,85.0,0.647508
25.0,85.0,0.613813
50.0,85.0,0.204611
100.0,85.0,-0.000519
2.0,90.0,2812.618271
2.1,90.0,1786.89381
2.2,90.0,1097.249369
2.3,90.0,640.831141
2.4,90.0,344.464565
2.5,90.0,156.633982
2.6,90.0,41.455684
2.7,90.0,-25.808456
2.8,90.0,-62.035156
2.9,90.0,-78.606913
3.0,90.0,-83.102804
3.1,90.0,-80.499625
3.2,90.0,-74.018867
3.3,90.0,-65.712892
3.4,90.0,-56.863735
3.5,90.0,-48.24691
3.6,90.0,-40.303822
3.7,90.0,-33.25459
3.8,90.0,-27.173531
3.9,90.0,-22.041432
4.0,90.0,-17.782928
4.1,90.0,-14.293456
4.2,90.0,-11.458316
4.3,90.0,-9.165388
4.4,90.0,-7.312801
4.5,90.0,-5.812711
4.6,90.0,-4.592314
4.7,90.0,-3.59307
4.8,90.0,-2.768927
4.9,90.0,-2.084173
5.0,90.0,-1.511295
5.1,90.0,-1.02908
5.2,90.0,-0.621065
5.3,90.0,-0.274315
5.4,90.0,0.021449
5.5,90.0,0.274519
5.6,90.0,0.491646
5.7,90.0,0.678393
5.8,90.0,0.839345
5.9,90.0,0.978326
6.0,90.0,1.098519
6.2,90.0,1.292767
6.4,90.0,1.438661
6.6,90.0,1.548014
6.8,90.0,1.629348
7.0,90.0,1.688932
7.2,90.0,1.731456
7.4,90.0,1.760486
7.6,90.0,1.77877
7.8,90.0,1.78845
8.0,90.0,1.79123
8.2,90.0,1.788458
8.4,90.0,1.781223
8.6,90.0,1.770398
8.8,90.0,1.756704
9.0,90.0,1.740716
9.5,90.0,1.693661
10.0,90.0,1.640484
10.5,90.0,1.58455
11.0,90.0,1.527956
11.5,90.0,1.47199
12.0,90.0,1.417448
12.5,90.0,1.364785
13.0,90.0,1.31425
13.5,90.0,1.265957
14.0,90.0,1.219926
14.5,90.0,1.176127
15.0,90.0,1.134492
16.0,90.0,1.057349
17.0,90.0,0.987694
18.0,90.0,0.924696
19.0,90.0,0.86758
20.0,90.0,0.815646
21.0,90.0,0.76828
22.0,90.0,0.724762
23.0,90.0,0.685037
24.0,90.0,0.648462
25.0,90.0,0.614695
50.0,90.0,0.204831
100.0,90.0,-0.000463
2.0,95.0,2726.925426
2.1,95.0,1730.536328
2.2,95.0,1057.764281
2.3,95.0,611.187143
2.4,95.0,320.761434
2.5,95.0,136.722855
2.6,95.0,24.179972
2.7,95.0,-41.05462
2.8,95.0,-75.561276
2.9,95.0,-90.582276
3.0,95.0,-93.640489
3.1,95.0,-89.697751
3.2,95.0,-81.975368
3.3,95.0,-72.528802
3.4,95.0,-62.64317
3.5,95.0,-53.095948
3.6,95.0,-44.329476
3.7,95.0,-36.563368
3.8,95.0,-29.868793
3.9,95.0,-24.220988
4.0,95.0,-19.536312
4.1,95.0,-15.70029
4.2,95.0,-12.58716
4.3,95.0,-10.073786
4.4,95.0,-8.047765
4.5,95.0,-6.411916
4.6,95.0,-5.085371
4.7,95.0,-4.00297
4.8,95.0,-3.113332
4.9,95.0,-2.376605
5.0,95.0,-1.762071
5.1,95.0,-1.246094
5.2,95.0,-0.8104
5.3,95.0,-0.440693
5.4,95.0,-0.125665
5.5,95.0,0.143739
5.6,95.0,0.374852
5.7,95.0,0.573683
5.8,95.0,0.745153
5.9,95.0,0.893357
6.0,95.0,1.021682
6.2,95.0,1.229558
6.4,95.0,1.386346
6.6,95.0,1.504517
6.8,95.0,1.59307
7.0,95.0,1.658609
7.2,95.0,1.706084
7.4,95.0,1.739247
7.6,95.0,1.760997
7.8,95.0,1.773602
8.0,95.0,1.778855
8.2,95.0,1.778181
8.4,95.0,1.772727
8.6,95.0,1.763424
8.8,95.0,1.751028
9.0,95.0,1.736152
9.5,95.0,1.69122
10.0,95.0,1.639495
10.5,95.0,1.584554
11.0,95.0,1.528632
11.5,95.0,1.473125
12.0,95.0,1.418886
12.5,95.0,1.366413
13.0,95.0,1.315994
13.5,95.0,1.267764
14.0,95.0,1.221753
14.5,95.0,1.17795
15.0,95.0,1.136293
16.0,95.0,1.059068
17.0,95.0,0.989303
18.0,95.0,0.926196
19.0,95.0,0.86897
20.0,95.0,0.816931
21.0,95.0,0.769465
22.0,95.0,0.725857
23.0,95.0,0.686047
24.0,95.0,0.649397
25.0,95.0,0.615565
50.0,95.0,0.205049
100.0,95.0,-0.000412
2.0,100.0,2720.838521
2.1,100.0,1731.117035
2.2,100.0,1058.04885
2.3,100.0,608.557363
2.4,100.0,314.77119
2.5,100.0,127.902073
2.6,100.0,13.386267
2.7,100.0,-52.933005
2.8,100.0,-87.753278
2.9,100.0,-102.487259
3.0,100.0,-104.837988
3.1,100.0,-99.927142
3.2,100.0,-91.104364
3.3,100.0,-80.519484
3.4,100.0,-69.522484
3.5,100.0,-58.932895
3.6,100.0,-49.218765
3.7,100.0,-40.61297
3.8,100.0,-33.191305
3.9,100.0,-26.926447
4.0,100.0,-21.727841
4.1,100.0,-17.470644
4.2,100.0,-14.017225
4.3,100.0,-11.232003
4.4,100.0,-8.990639
4.5,100.0,-7.185099
4.6,100.0,-5.725121
4.7,100.0,-4.537647
4.8,100.0,-3.564875
4.9,100.0,-2.761883
5.0,100.0,-2.094026
5.1,100.0,-1.53467
5.2,100.0,-1.063264
5.3,100.0,-0.663797
5.4,100.0,-0.323686
5.5,100.0,-0.032907
5.6,100.0,0.216601
5.7,100.0,0.431393
5.8,100.0,0.616827
5.9,100.0,0.777325
6.0,100.0,0.91653
6.2,100.0,1.142732
6.4,100.0,1.314234
6.6,100.0,1.444359
6.8,100.0,1.542707
7.0,100.0,1.616334
7.2,100.0,1.67052
7.4,100.0,1.709286
7.6,100.0,1.735735
7.8,100.0,1.752295
8.0,100.0,1.760888
8.2,100.0,1.76304
8.4,100.0,1.759993
8.6,100.0,1.752737
8.8,100.0,1.742089
9.0,100.0,1.728712
9.5,100.0,1.686663
10.0,100.0,1.636913
10.5,100.0,1.58334
11.0,100.0,1.528369
11.5,100.0,1.473516
12.0,100.0,1.419727
12.5,100.0,1.367563
13.0,100.0,1.317347
13.5,100.0,1.269243
14.0,100.0,1.223313
14.5,100.0,1.179547
15.0,100.0,1.137898
16.0,100.0,1.060641
17.0,100.0,0.990807
18.0,100.0,0.927606
19.0,100.0,0.870286
20.0,100.0,0.818156
21.0,100.0,0.770604
22.0,100.0,0.72692
23.0,100.0,0.687031
24.0,100.0,0.650313
25.0,100.0,0.616414
50.0,100.0,0.205269
100.0,100.0,-0.000357
2.0,105.0,2822.864402
2.1,105.0,1810.631574
2.2,105.0,1114.7909
2.3,105.0,645.342556
2.4,105.0,335.540965
2.5,105.0,136.659265
2.6,105.0,13.675313
2.7,105.0,-58.220144
2.8,105.0,-96.379187
2.9,105.0,-112.802534
3.0,105.0,-115.684864
3.1,105.0,-110.540269
3.2,105.0,-101.015024
3.3,105.0,-89.474101
3.4,105.0,-77.414681
3.5,105.0,-65.753971
3.6,105.0,-55.020584
3.7,105.0,-45.483068
3.8,105.0,-37.235245
3.9,105.0,-30.25572
4.0,105.0,-24.45171
4.1,105.0,-19.690637
4.2,105.0,-15.824234
4.3,105.0,-12.704643
4.4,105.0,-10.195271
4.5,105.0,-8.176385
4.6,105.0,-6.547186
4.7,105.0,-5.225575
4.8,105.0,-4.146211
4.9,105.0,-3.258024
5.0,105.0,-2.521547
5.1,105.0,-1.906344
5.2,105.0,-1.388979
5.3,105.0,-0.95125
5.4,105.0,-0.578919
5.5,105.0,-0.260697
5.6,105.0,0.01241
5.7,105.0,0.247683
5.8,105.0,0.451037
5.9,105.0,0.627311
6.0,105.0,0.780497
6.2,105.0,1.03026
6.4,105.0,1.220704
6.6,105.0,1.366222
6.8,105.0,1.477186
7.0,105.0,1.561217
7.2,105.0,1.624038
7.4,105.0,1.670002
7.6,105.0,1.702477
7.8,105.0,1.7241
8.0,105.0,1.736964
8.2,105.0,1.742738
8.4,105.0,1.742761
8.6,105.0,1.738122
8.8,105.0,1.729703
9.0,105.0,1.718236
9.5,105.0,1.679866
10.0,105.0,1.63265
10.5,105.0,1.580841
11.0,105.0,1.527106
11.5,105.0,1.473122
12.0,105.0,1.41994
12.5,105.0,1.368204
13.0,105.0,1.318281
13.5,105.0,1.270378
14.0,105.0,1.224577
14.5,105.0,1.180892
15.0,105.0,1.139292
16.0,105.0,1.062055
17.0,105.0,0.992184
18.0,105.0,0.928921
19.0,105.0,0.871525
20.0,105.0,0.819315
21.0,105.0,0.771685
22.0,105.0,0.727946
23.0,105.0,0.687982
24.0,105.0,0.651194
25.0,105.0,0.617232
50.0,105.0,0.205476
100.0,105.0,-0.000308
2.0,110.0,3080.026621
2.1,110.0,2004.967137
2.2,110.0,1255.025614
2.3,110.0,741.602265
2.4,110.0,397.725382
2.5,110.0,173.541017
2.6,110.0,32.529126
2.7,110.0,-51.664854
2.8,110.0,-97.791202
2.9,110.0,-119.021565
3.0,110.0,-124.486335
3.1,110.0,-120.419594
3.2,110.0,-111.00171
3.3,110.0,-98.979201
3.4,110.0,-86.112735
3.5,110.0,-73.494033
3.6,110.0,-61.76447
3.7,110.0,-51.262097
3.8,110.0,-42.121793
3.9,110.0,-34.343719
4.0,110.0,-27.843352
4.1,110.0,-22.487853
4.2,110.0,-18.12297
4.3,110.0,-14.591556
4.4,110.0,-11.746018
4.5,110.0,-9.455342
4.6,110.0,-7.607875
4.7,110.0,-6.111615
4.8,110.0,-4.892609
4.9,110.0,-3.892544
5.0,110.0,-3.065946
5.1,110.0,-2.377627
5.2,110.0,-1.800373
5.3,110.0,-1.313084
5.4,110.0,-0.899277
5.5,110.0,-0.545977
5.6,110.0,-0.242861
5.7,110.0,0.018317
5.8,110.0,0.244233
5.9,110.0,0.440316
6.0,110.0,0.611
6.2,110.0,0.890179
6.4,110.0,1.104219
6.6,110.0,1.26889
6.8,110.0,1.395533
7.0,110.0,1.492488
7.2,110.0,1.566015
7.4,110.0,1.620884
7.6,110.0,1.660811
7.8,110.0,1.688688
8.0,110.0,1.706818
8.2,110.0,1.717045
8.4,110.0,1.720843
8.6,110.0,1.719414
8.8,110.0,1.713743
9.0,110.0,1.704619
9.5,110.0,1.670756
10.0,110.0,1.626656
10.5,110.0,1.577017
11.0,110.0,1.524808
11.5,110.0,1.471907
12.0,110.0,1.419497
12.5,110.0,1.368306
13.0,110.0,1.318773
13.5,110.0,1.271143
14.0,110.0,1.225532
14.5,110.0,1.181976
15.0,110.0,1.140453
16.0,110.0,1.063291
17.0,110.0,0.993426
18.0,110.0,0.930126
19.0,110.0,0.872675
20.0,110.0,0.820401
21.0,110.0,0.77259
22.0,110.0,0.728919
23.0,110.0,0.688891
24.0,110.0,0.652039
25.0,110.0,0.618018
50.0,110.0,0.205681
100.0,110.0,-0.000255
2.0,115.0,3565.258752
2.1,115.0,2369.251999
2.2,115.0,1519.938061
2.3,115.0,927.800273
2.4,115.0,523.577469
2.5,115.0,254.580905
2.6,115.0,81.327073
2.7,115.0,-25.309425
2.8,115.0,-86.497887
2.9,115.0,-117.403033
3.0,115.0,-128.729058
3.1,115.0,-127.908936
3.2,115.0,-120.006204
3.3,115.0,-108.396219
3.4,115.0,-95.272123
3.5,115.0,-82.014252
3.6,115.0,-69.45221
3.7,115.0,-58.044541
3.8,115.0,-48.00163
3.9,115.0,-39.370013
4.0,115.0,-32.091501
4.1,115.0,-26.04636
4.2,115.0,-21.083894
4.3,115.0,-17.044424
4.4,115.0,-13.773676
4.5,115.0,-11.13173
4.6,115.0,-8.997119
4.7,115.0,-7.267959
4.8,115.0,-5.861028
4.9,115.0,-4.709628
5.0,115.0,-3.761098
5.1,115.0,-2.974218
5.2,115.0,-2.316837
5.3,115.0,-1.763882
5.4,115.0,-1.295756
5.5,115.0,-0.897052
5.6,115.0,-0.555582
5.7,115.0,-0.261658
5.8,115.0,-0.007487
5.9,115.0,0.213185
6.0,115.0,0.405453
6.2,115.0,0.720664
6.4,115.0,0.963432
6.6,115.0,1.151344
6.8,115.0,1.296969
7.0,115.0,1.40954
7.2,115.0,1.495981
7.4,115.0,1.561588
7.6,115.0,1.610469
7.8,115.0,1.645849
8.0,115.0,1.670289
8.2,115.0,1.68584
8.4,115.0,1.69415
8.6,115.0,1.696555
8.8,115.0,1.694146
9.0,115.0,1.687812
9.5,115.0,1.659315
10.0,115.0,1.618911
10.5,115.0,1.571859
11.0,115.0,1.52147
11.5,115.0,1.469874
12.0,115.0,1.41839
12.5,115.0,1.367868
13.0,115.0,1.318817
13.5,115.0,1.271532
14.0,115.0,1.226165
14.5,115.0,1.182782
15.0,115.0,1.141382
16.0,115.0,1.064349
17.0,115.0,0.994521
18.0,115.0,0.931214
19.0,115.0,0.873726
20.0,115.0,0.8214
21.0,115.0,0.773566
22.0,115.0,0.729844
23.0,115.0,0.68975
24.0,115.0,0.652839
25.0,115.0,0.618766
50.0,115.0,0.205879
100.0,115.0,-0.000208
2.0,120.0,4388.366336
2.1,120.0,2985.754175
2.2,120.0,1970.401244
2.3,120.0,1248.557319
2.4,120.0,745.527501
2.5,120.0,403.099627
2.6,120.0,176.631496
2.7,120.0,32.422986
2.8,120.0,-54.551591
2.9,120.0,-102.596055
3.0,120.0,-124.882484
3.1,120.0,-130.730446
3.2,120.0,-126.601074
3.3,120.0,-116.871199
3.4,120.0,-104.42714
3.5,120.0,-91.113791
3.6,120.0,-78.064517
3.7,120.0,-65.933404
3.8,120.0,-55.056909
3.9,120.0,-45.5629
4.0,120.0,-37.445387
4.1,120.0,-30.617295
4.2,120.0,-24.946537
4.3,120.0,-20.282226
4.4,120.0,-16.471623
4.5,120.0,-13.371425
4.6,120.0,-10.853513
4.7,120.0,-8.807709
4.8,120.0,-7.141702
4.9,120.0,-5.779911
5.0,120.0,-4.661295
5.1,120.0,-3.737165
5.2,120.0,-2.968945
5.3,120.0,-2.326158
5.4,120.0,-1.784782
5.5,120.0,-1.325859
5.6,120.0,-0.934395
5.7,120.0,-0.598501
5.8,120.0,-0.308715
5.9,120.0,-0.057474
6.0,120.0,0.1613
6.2,120.0,0.520176
6.4,120.0,0.797348
6.6,120.0,1.012905
6.8,120.0,1.181028
7.0,120.0,1.312057
7.2,120.0,1.413732
7.4,120.0,1.491974
7.6,120.0,1.551376
7.8,120.0,1.595555
8.0,120.0,1.627382
8.2,120.0,1.649153
8.4,120.0,1.662721
8.6,120.0,1.669586
8.8,120.0,1.670973
9.0,120.0,1.667879
9.5,120.0,1.645595
10.0,120.0,1.60947
10.5,120.0,1.565404
11.0,120.0,1.517131
11.5,120.0,1.467038
12.0,120.0,1.416644
12.5,120.0,1.366906
13.0,120.0,1.318423
13.5,120.0,1.271551
14.0,120.0,1.226487
14.5,120.0,1.183318
15.0,120.0,1.142073
16.0,120.0,1.065222
17.0,120.0,0.995469
18.0,120.0,0.932175
19.0,120.0,0.874674
20.0,120.0,0.822311
21.0,120.0,0.774473
22.0,120.0,0.730706
23.0,120.0,0.690555
24.0,120.0,0.653594
25.0,120.0,0.61947
50.0,120.0,0.206062
100.0,120.0,-0.000163
2.0,125.0,5708.986482
2.1,125.0,3974.040598
2.2,125.0,2694.364268
2.3,125.0,1767.662303
2.4,125.0,1109.436017
2.5,125.0,651.830733
2.6,125.0,341.599344
2.7,125.0,137.723511
2.8,125.0,9.175886
2.9,125.0,-67.124053
3.0,125.0,-108.066032
3.1,125.0,-125.80579
3.2,125.0,-128.924035
3.3,125.0,-123.34018
3.4,125.0,-113.027426
3.5,125.0,-100.570797
3.6,125.0,-87.591315
3.7,125.0,-75.057656
3.8,125.0,-63.50785
3.9,125.0,-53.199656
4.0,125.0,-44.213134
4.1,125.0,-36.518557
4.2,125.0,-30.022084
4.3,125.0,-24.597152
4.4,125.0,-20.104756
4.5,125.0,-16.407129
4.6,125.0,-13.375925
4.7,125.0,-10.896444
4.8,125.0,-8.869344
4.9,125.0,-7.210483
5.0,125.0,-5.849861
5.1,125.0,-4.730008
5.2,125.0,-3.804199
5.3,125.0,-3.03477
5.4,125.0,-2.391484
5.5,125.0,-1.850215
5.6,125.0,-1.391741
5.7,125.0,-1.000802
5.8,125.0,-0.665292
5.9,125.0,-0.375599
6.0,125.0,-0.124084
6.2,125.0,0.287582
6.4,125.0,0.605501
6.6,125.0,0.853425
6.8,125.0,1.04772
7.0,125.0,1.200143
7.2,125.0,1.319431
7.4,125.0,1.412242
7.6,125.0,1.483754
7.8,125.0,1.538034
8.0,125.0,1.578321
8.2,125.0,1.607202
8.4,125.0,1.626766
8.6,125.0,1.638709
8.8,125.0,1.644408
9.0,125.0,1.644988
9.5,125.0,1.629737
10.0,125.0,1.598444
10.5,125.0,1.557745
11.0,125.0,1.511855
11.5,125.0,1.463461
12.0,125.0,1.414293
12.5,125.0,1.365444
13.0,125.0,1.317612
13.5,125.0,1.271219
14.0,125.0,1.226502
14.5,125.0,1.18359
15.0,125.0,1.142529
16.0,125.0,1.065909
17.0,125.0,0.996267
18.0,125.0,0.933016
19.0,125.0,0.875513
20.0,125.0,0.823133
21.0,125.0,0.775302
22.0,125.0,0.731503
23.0,125.0,0.691299
24.0,125.0,0.654287
25.0,125.0,0.620117
50.0,125.0,0.20624
100.0,125.0,-0.000118
2.0,130.0,7747.26655
2.1,130.0,5499.071733
2.2,130.0,3813.084565
2.3,130.0,2572.813898
2.4,130.0,1677.841604
2.5,130.0,1044.927523
2.6,130.0,607.165646
2.7,130.0,312.106584
2.8,130.0,119.489707
2.9,130.0,-0.979127
3.0,130.0,-71.700538
3.1,130.0,-108.984139
3.2,130.0,-124.502378
3.3,130.0,-126.447159
3.4,130.0,-120.426696
3.5,130.0,-110.169471
3.6,130.0,-98.069717
3.7,130.0,-85.601663
3.8,130.0,-73.62561
3.9,130.0,-62.604213
4.0,130.0,-52.748895
4.1,130.0,-44.117481
4.2,130.0,-36.676257
4.3,130.0,-30.340485
4.4,130.0,-24.99945
4.5,130.0,-20.533134
4.6,130.0,-16.822183
4.7,130.0,-13.754131
4.8,130.0,-11.226825
4.9,130.0,-9.149737
5.0,130.0,-7.444393
5.1,130.0,-6.043783
5.2,130.0,-4.891532
5.3,130.0,-3.940725
5.4,130.0,-3.15276
5.5,130.0,-2.496177
5.6,130.0,-1.945564
5.7,130.0,-1.480574
5.8,130.0,-1.084994
5.9,130.0,-0.746011
6.0,130.0,-0.453502
6.2,130.0,0.022287
6.4,130.0,0.388208
6.6,130.0,0.673537
6.8,130.0,0.897765
7.0,130.0,1.074518
7.2,130.0,1.213762
7.4,130.0,1.323043
7.6,130.0,1.408199
7.8,130.0,1.473838
8.0,130.0,1.523614
8.2,130.0,1.560452
8.4,130.0,1.586713
8.6,130.0,1.604314
8.8,130.0,1.614805
9.0,130.0,1.619462
9.5,130.0,1.611988
10.0,130.0,1.586019
10.5,130.0,1.549028
11.0,130.0,1.505751
11.5,130.0,1.459224
12.0,130.0,1.411404
12.5,130.0,1.363541
13.0,130.0,1.316429
13.5,130.0,1.270562
14.0,130.0,1.22624
14.5,130.0,1.183617
15.0,130.0,1.14277
16.0,130.0,1.06642
17.0,130.0,0.996919
18.0,130.0,0.933732
19.0,130.0,0.876247
20.0,130.0,0.823859
21.0,130.0,0.776052
22.0,130.0,0.73223
23.0,130.0,0.691984
24.0,130.0,0.654929
25.0,130.0,0.620721
50.0,130.0,0.206407
100.0,130.0,-7.7e-05
2.0,135.0,10788.494744
2.1,135.0,7771.752914
2.2,135.0,5480.332381
2.3,135.0,3774.696561
2.4,135.0,2529.566289
2.5,135.0,1637.869274
2.6,135.0,1011.95993
2.7,135.0,582.199946
2.8,135.0,294.58587
2.9,135.0,108.156722
3.0,135.0,-7.58678
3.1,135.0,-74.977116
3.2,135.0,-110.1069
3.3,135.0,-124.390707
3.4,135.0,-125.771003
3.5,135.0,-119.644027
3.6,135.0,-109.568893
3.7,135.0,-97.807518
3.8,135.0,-85.734138
3.9,135.0,-74.136157
4.0,135.0,-63.427373
4.1,135.0,-53.793804
4.2,135.0,-45.286622
4.3,135.0,-37.879708
4.4,135.0,-31.505034
4.5,135.0,-26.072722
4.6,135.0,-21.483499
4.7,135.0,-17.636006
4.8,135.0,-14.431936
4.9,135.0,-11.778798
5.0,135.0,-9.591696
5.1,135.0,-7.794566
5.2,135.0,-6.32042
5.3,135.0,-5.111257
5.4,135.0,-4.117788
5.5,135.0,-3.298722
5.6,135.0,-2.619949
5.7,135.0,-2.053754
5.8,135.0,-1.577868
5.9,135.0,-1.174577
6.0,135.0,-0.829958
6.2,135.0,-0.275556
6.4,135.0,0.146809
6.6,135.0,0.474918
6.8,135.0,0.73282
7.0,135.0,0.93671
7.2,135.0,1.098098
7.4,135.0,1.225593
7.6,135.0,1.325807
7.8,135.0,1.403945
8.0,135.0,1.464128
8.2,135.0,1.509677
8.4,135.0,1.543247
8.6,135.0,1.567005
8.8,135.0,1.582705
9.0,135.0,1.591781
9.5,135.0,1.592713
10.0,135.0,1.572475
10.5,135.0,1.53946
11.0,135.0,1.498982
11.5,135.0,1.454454
12.0,135.0,1.408079
12.5,135.0,1.361265
13.0,135.0,1.314929
13.5,135.0,1.269635
14.0,135.0,1.225735
14.5,135.0,1.183429
15.0,135.0,1.142816
16.0,135.0,1.06677
17.0,135.0,0.99743
18.0,135.0,0.934327
19.0,135.0,0.876875
20.0,135.0,0.824493
21.0,135.0,0.77672
22.0,135.0,0.732887
23.0,135.0,0.692603
24.0,135.0,0.655511
25.0,135.0,0.621264
50.0,135.0,0.206557
100.0,135.0,-3.9e-05
2.0,140.0,15181.752951
2.1,140.0,11041.678969
2.2,140.0,7871.822951
2.3,140.0,5496.176993
2.4,140.0,3750.394209
2.5,140.0,2490.683203
2.6,140.0,1597.876879
2.7,140.0,976.972095
2.8,140.0,554.232773
2.9,140.0,273.581511
3.0,140.0,93.115839
3.1,140.0,-17.992665
3.2,140.0,-82.057375
3.3,140.0,-114.981907
3.4,140.0,-127.918455
3.5,140.0,-128.556223
3.6,140.0,-122.083229
3.7,140.0,-111.90123
3.8,140.0,-100.158085
3.9,140.0,-88.14555
4.0,140.0,-76.593307
4.1,140.0,-65.879438
4.2,140.0,-56.173219
4.3,140.0,-47.525495
4.4,140.0,-39.921798
4.5,140.0,-33.312036
4.6,140.0,-27.626424
4.7,140.0,-22.784063
4.8,140.0,-18.698423
4.9,140.0,-15.281078
5.0,140.0,-12.444903
5.1,140.0,-10.106648
5.2,140.0,-8.188936
5.3,140.0,-6.621601
5.4,140.0,-5.342566
5.5,140.0,-4.298124
5.6,140.0,-3.44277
5.7,140.0,-2.738748
5.8,140.0,-2.155223
5.9,140.0,-1.667525
6.0,140.0,-1.256125
6.2,140.0,-0.604692
6.4,140.0,-0.115987
6.6,140.0,0.26056
6.8,140.0,0.55573
7.0,140.0,0.78925
7.2,140.0,0.974662
7.4,140.0,1.12183
7.6,140.0,1.238257
7.8,140.0,1.329808
8.0,140.0,1.401143
8.2,140.0,1.455988
8.4,140.0,1.497345
8.6,140.0,1.527646
8.8,140.0,1.548863
9.0,140.0,1.562613
9.5,140.0,1.572402
10.0,140.0,1.558176
10.5,140.0,1.529312
11.0,140.0,1.491758
11.5,140.0,1.449314
12.0,140.0,1.404437
12.5,140.0,1.358721
13.0,140.0,1.313186
13.5,140.0,1.268491
14.0,140.0,1.225035
14.5,140.0,1.183062
15.0,140.0,1.142699
16.0,140.0,1.066979
17.0,140.0,0.997822
18.0,140.0,0.934811
19.0,140.0,0.877403
20.0,140.0,0.825039
21.0,140.0,0.777308
22.0,140.0,0.733469
23.0,140.0,0.693151
24.0,140.0,0.656029
25.0,140.0,0.621755
50.0,140.0,0.206695
100.0,140.0,-3e-06
2.0,145.0,21317.600722
2.1,145.0,15579.340332
2.2,145.0,11168.934672
2.3,145.0,7855.860277
2.4,145.0,5416.934749
2.5,145.0,3653.305626
2.6,145.0,2398.495339
2.7,145.0,1519.710823
2.8,145.0,914.68726
2.9,145.0,506.454738
3.0,145.0,237.850639
3.1,145.0,66.818433
3.2,145.0,-37.23708
3.3,145.0,-96.252809
3.4,145.0,-125.701107
3.5,145.0,-136.31548
3.6,145.0,-135.427196
3.7,145.0,-127.950136
3.8,145.0,-117.091267
3.9,145.0,-104.86346
4.0,145.0,-92.46596
4.1,145.0,-80.566529
4.2,145.0,-69.505297
4.3,145.0,-59.43422
4.4,145.0,-50.402387
4.5,145.0,-42.40431
4.6,145.0,-35.404554
4.7,145.0,-29.348649
4.8,145.0,-24.168579
4.9,145.0,-19.786562
5.0,145.0,-16.118444
5.1,145.0,-13.077238
5.2,145.0,-10.576794
5.3,145.0,-8.534751
5.4,145.0,-6.875009
5.5,145.0,-5.529341
5.6,145.0,-4.438238
5.7,145.0,-3.551148
5.8,145.0,-2.826119
5.9,145.0,-2.229023
6.0,145.0,-1.732697
6.2,145.0,-0.961952
6.4,145.0,-0.395671
6.6,145.0,0.035096
6.8,145.0,0.370727
7.0,145.0,0.635859
7.2,145.0,0.846652
7.4,145.0,1.014487
7.6,145.0,1.147884
7.8,145.0,1.253444
8.0,145.0,1.336383
8.2,145.0,1.400883
8.4,145.0,1.4503
8.6,145.0,1.487358
8.8,145.0,1.514258
9.0,145.0,1.532811
9.5,145.0,1.551672
10.0,145.0,1.54357
10.5,145.0,1.518926
11.0,145.0,1.484327
11.5,145.0,1.443986
12.0,145.0,1.400627
12.5,145.0,1.356015
13.0,145.0,1.311293
13.5,145.0,1.267199
14.0,145.0,1.224194
14.5,145.0,1.18256
15.0,145.0,1.142449
16.0,145.0,1.067068
17.0,145.0,0.998101
18.0,145.0,0.935195
19.0,145.0,0.877842
20.0,145.0,0.8255
21.0,145.0,0.777813
22.0,145.0,0.733978
23.0,145.0,0.693635
24.0,145.0,0.656486
25.0,145.0,0.622185
50.0,145.0,0.206818
100.0,145.0,2.7e-05
2.0,150.0,29553.077366
2.1,150.0,21624.953012
2.2,150.0,15527.176793
2.3,150.0,10949.091277
2.4,150.0,7582.62926
2.5,150.0,5152.423185
2.6,150.0,3425.788845
2.7,150.0,2216.000484
2.8,150.0,1379.576509
2.9,150.0,809.851197
3.0,150.0,429.161963
3.1,150.0,181.292485
3.2,150.0,25.548941
3.3,150.0,-67.432341
3.4,150.0,-118.571419
3.5,150.0,-142.508926
3.6,150.0,-149.306068
3.7,150.0,-145.77151
3.8,150.0,-136.434384
3.9,150.0,-124.230611
4.0,150.0,-110.986856
4.1,150.0,-97.776012
4.2,150.0,-85.182335
4.3,150.0,-73.495834
4.4,150.0,-62.842417
4.5,150.0,-53.263467
4.6,150.0,-44.75649
4.7,150.0,-37.293784
4.8,150.0,-30.828568
4.9,150.0,-25.298097
5.0,150.0,-20.625827
5.1,150.0,-16.725262
5.2,150.0,-13.504225
5.3,150.0,-10.869377
5.4,150.0,-8.730498
5.5,150.0,-7.003634
5.6,150.0,-5.613419
5.7,150.0,-4.494215
5.8,150.0,-3.590506
5.9,150.0,-2.856472
6.0,150.0,-2.255202
6.2,150.0,-1.340828
6.4,150.0,-0.68531
6.6,150.0,-0.194949
6.8,150.0,0.183586
7.0,150.0,0.481493
7.2,150.0,0.718262
7.4,150.0,0.907118
7.6,150.0,1.057699
7.8,150.0,1.1774
8.0,150.0,1.272024
8.2,150.0,1.346214
8.4,150.0,1.403703
8.6,150.0,1.447508
8.8,150.0,1.480079
9.0,150.0,1.503403
9.5,150.0,1.531244
10.0,150.0,1.529183
10.5,150.0,1.508684
11.0,150.0,1.476982
11.5,150.0,1.438693
12.0,150.0,1.39681
12.5,150.0,1.353275
13.0,150.0,1.309346
13.5,150.0,1.265843
14.0,150.0,1.223274
14.5,150.0,1.181972
15.0,150.0,1.142116
16.0,150.0,1.067064
17.0,150.0,0.99829
18.0,150.0,0.935491
19.0,150.0,0.878196
20.0,150.0,0.825881
21.0,150.0,0.778243
22.0,150.0,0.734416
23.0,150.0,0.694052
24.0,150.0,0.656881
25.0,150.0,0.62256
50.0,150.0,0.206926
100.0,150.0,5.5e-05
2.0,155.0,40172.77275
2.1,155.0,29336.990926
2.2,155.0,21029.677525
2.3,155.0,14816.331404
2.4,155.0,10262.093592
2.5,155.0,6984.901019
2.6,155.0,4665.6232
2.7,155.0,3047.628585
2.8,155.0,1932.29482
2.9,155.0,1171.769934
3.0,155.0,659.774575
3.1,155.0,321.473277
3.2,155.0,104.178549
3.3,155.0,-29.690808
3.4,155.0,-107.110041
3.5,155.0,-147.263232
3.6,155.0,-163.508849
3.7,155.0,-164.950744
3.8,155.0,-157.685544
3.9,155.0,-145.725021
4.0,155.0,-131.637954
4.1,155.0,-116.996191
4.2,155.0,-102.699499
4.3,155.0,-89.220167
4.4,155.0,-76.780529
4.5,155.0,-65.470955
4.6,155.0,-55.31748
4.7,155.0,-46.313321
4.8,155.0,-38.430166
4.9,155.0,-31.620192
5.0,155.0,-25.816984
5.1,155.0,-20.937692
5.2,155.0,-16.887156
5.3,155.0,-13.563261
5.4,155.0,-10.862759
5.5,155.0,-8.686091
5.6,155.0,-6.941213
5.7,155.0,-5.546156
5.8,155.0,-4.430189
5.9,155.0,-3.534094
6.0,155.0,-2.809551
6.2,155.0,-1.72953
6.4,155.0,-0.974778
6.6,155.0,-0.420935
6.8,155.0,0.001625
7.0,155.0,0.332297
7.2,155.0,0.594646
7.4,155.0,0.804026
7.6,155.0,0.971312
7.8,155.0,1.104706
8.0,155.0,1.210616
8.2,155.0,1.294152
8.4,155.0,1.359398
8.6,155.0,1.409679
8.8,155.0,1.447665
9.0,155.0,1.475546
9.5,155.0,1.511934
10.0,155.0,1.515593
10.5,155.0,1.499006
11.0,155.0,1.470023
11.5,155.0,1.433664
12.0,155.0,1.393171
12.5,155.0,1.350643
13.0,155.0,1.307456
13.5,155.0,1.2645
14.0,155.0,1.222348
14.5,155.0,1.181354
15.0,155.0,1.141731
16.0,155.0,1.066997
17.0,155.0,0.998399
18.0,155.0,0.935708
19.0,155.0,0.878472
20.0,155.0,0.826186
21.0,155.0,0.778598
22.0,155.0,0.734782
23.0,155.0,0.694401
24.0,155.0,0.657212
25.0,155.0,0.622872
50.0,155.0,0.207021
100.0,155.0,7.9e-05
2.0,160.0,53911.55655
2.1,160.0,39050.765915
2.2,160.0,27778.009603
2.3,160.0,19450.211724
2.4,160.0,13412.736127
2.5,160.0,9104.380484
2.6,160.0,6074.854516
2.7,160.0,3974.807002
2.8,160.0,2537.660826
2.9,160.0,1563.994376
3.0,160.0,909.841759
3.1,160.0,475.128493
3.2,160.0,191.872232
3.3,160.0,13.466966
3.4,160.0,-92.986406
3.5,160.0,-151.143377
3.6,160.0,-177.852717
3.7,160.0,-184.798212
3.8,160.0,-179.858153
3.9,160.0,-168.233906
4.0,160.0,-153.291016
4.1,160.0,-137.138721
4.2,160.0,-121.029378
4.3,160.0,-105.64834
4.4,160.0,-91.332348
4.5,160.0,-78.225431
4.6,160.0,-66.37641
4.7,160.0,-55.790893
4.8,160.0,-46.451171
4.9,160.0,-38.320418
5.0,160.0,-31.341075
5.1,160.0,-25.435027
5.2,160.0,-20.50633
5.3,160.0,-16.446667
5.4,160.0,-13.141674
5.5,160.0,-10.477493
5.6,160.0,-8.346102
5.7,160.0,-6.649243
5.8,160.0,-5.300658
5.9,160.0,-4.227069
6.0,160.0,-3.367993
6.2,160.0,-2.109224
6.4,160.0,-1.250245
6.6,160.0,-0.63209
6.8,160.0,-0.166489
7.0,160.0,0.195354
7.2,160.0,0.481638
7.4,160.0,0.710036
7.6,160.0,0.892724
7.8,160.0,1.038706
8.0,160.0,1.15497
8.2,160.0,1.247045
8.4,160.0,1.319377
8.6,160.0,1.37555
8.8,160.0,1.418464
9.0,160.0,1.450477
9.5,160.0,1.494591
10.0,160.0,1.503403
10.5,160.0,1.490323
11.0,160.0,1.463779
11.5,160.0,1.429142
12.0,160.0,1.389884
12.5,160.0,1.348255
13.0,160.0,1.305728
13.5,160.0,1.263262
14.0,160.0,1.221474
14.5,160.0,1.180759
15.0,160.0,1.141347
16.0,160.0,1.066893
17.0,160.0,0.998463
18.0,160.0,0.935867
19.0,160.0,0.878684
20.0,160.0,0.826424
21.0,160.0,0.778885
22.0,160.0,0.735077
23.0,160.0,0.694685
24.0,160.0,0.657483
25.0,160.0,0.623132
50.0,160.0,0.207096
100.0,160.0,9.7e-05
2.0,165.0,73975.251525
2.1,165.0,52171.783419
2.2,165.0,36253.554156
2.3,165.0,24921.764332
2.4,165.0,16958.596189
2.5,165.0,11407.4271
2.6,165.0,7565.911947
2.7,165.0,4931.738516
2.8,165.0,3145.836955
2.9,165.0,1948.121226
3.0,165.0,1150.844037
3.1,165.0,623.031978
3.2,165.0,277.246816
3.3,165.0,56.228318
3.4,165.0,-78.615214
3.5,165.0,-154.651504
3.6,165.0,-191.751108
3.7,165.0,-204.073605
3.8,165.0,-201.334305
3.9,165.0,-189.971285
4.0,165.0,-174.14757
4.1,165.0,-156.489651
4.2,165.0,-138.588207
4.3,165.0,-121.339994
4.4,165.0,-105.199981
4.5,165.0,-90.366373
4.6,165.0,-76.906476
4.7,165.0,-64.830447
4.8,165.0,-54.122608
4.9,165.0,-44.750036
5.0,165.0,-36.660477
5.1,165.0,-29.779382
5.2,165.0,-24.011125
5.3,165.0,-19.242874
5.4,165.0,-15.351764
5.5,165.0,-12.211929
5.6,165.0,-9.701439
5.7,165.0,-7.707332
5.8,165.0,-6.128981
5.9,165.0,-4.879908
6.0,165.0,-3.887973
6.2,165.0,-2.453796
6.4,165.0,-1.494388
6.6,165.0,-0.815963
6.8,165.0,-0.311255
7.0,165.0,0.078206
7.2,165.0,0.385341
7.4,165.0,0.630158
7.6,165.0,0.826069
7.8,165.0,0.982828
8.0,165.0,1.107926
8.2,165.0,1.207284
8.4,165.0,1.285639
8.6,165.0,1.346818
8.8,165.0,1.393908
9.0,165.0,1.429415
9.5,165.0,1.480052
10.0,165.0,1.49319
10.5,165.0,1.483052
11.0,165.0,1.45855
11.5,165.0,1.425351
12.0,165.0,1.387119
12.5,165.0,1.346238
13.0,165.0,1.30426
13.5,165.0,1.262203
14.0,165.0,1.220724
14.5,165.0,1.180237
15.0,165.0,1.141
16.0,165.0,1.066779
17.0,165.0,0.99849
18.0,165.0,0.935971
19.0,165.0,0.878834
20.0,165.0,0.826602
21.0,165.0,0.7791
22.0,165.0,0.735306
23.0,165.0,0.694901
24.0,165.0,0.657688
25.0,165.0,0.623329
50.0,165.0,0.207154
100.0,165.0,0.000113
2.0,170.0,108974.155908
2.1,170.0,71575.23226
2.2,170.0,47182.286859
2.3,170.0,31241.972842
2.4,170.0,20716.744382
2.5,170.0,13697.020477
2.6,170.0,8982.467923
2.7,170.0,5811.093576
2.8,170.0,3687.990291
2.9,170.0,2279.579809
3.0,170.0,1352.679184
3.1,170.0,744.792516
3.2,170.0,347.521382
3.3,170.0,91.782895
3.4,170.0,-66.61074
3.5,170.0,-157.84096
3.6,170.0,-203.863338
3.7,170.0,-220.741539
3.8,170.0,-219.769553
3.9,170.0,-208.50966
4.0,170.0,-191.843146
4.1,170.0,-172.840625
4.2,170.0,-153.371529
4.3,170.0,-134.507555
4.4,170.0,-116.803386
4.5,170.0,-100.504184
4.6,170.0,-85.691617
4.7,170.0,-72.374936
4.8,170.0,-60.534475
4.9,170.0,-50.135862
5.0,170.0,-41.127705
5.1,170.0,-33.43718
5.2,170.0,-26.968609
5.3,170.0,-21.60625
5.4,170.0,-17.22104
5.5,170.0,-13.678273
5.6,170.0,-10.845212
5.7,170.0,-8.597188
5.8,170.0,-6.822052
5.9,170.0,-5.422424
6.0,170.0,-4.316502
6.2,170.0,-2.732303
6.4,170.0,-1.687974
6.6,170.0,-0.959586
6.8,170.0,-0.423211
7.0,170.0,-0.011857
7.2,170.0,0.311565
7.4,170.0,0.569098
7.6,170.0,0.775201
7.8,170.0,0.940242
8.0,170.0,1.072122
8.2,170.0,1.177056
8.4,170.0,1.260021
8.6,170.0,1.32502
8.8,170.0,1.375293
9.0,170.0,1.413466
9.5,170.0,1.469056
10.0,170.0,1.485476
10.5,170.0,1.477565
11.0,170.0,1.4546
11.5,170.0,1.422482
12.0,170.0,1.385029
12.5,170.0,1.344707
13.0,170.0,1.303146
13.5,170.0,1.261393
14.0,170.0,1.220142
14.5,170.0,1.179829
15.0,170.0,1.140724
16.0,170.0,1.066683
17.0,170.0,0.998495
18.0,170.0,0.93604
19.0,170.0,0.878939
20.0,170.0,0.826726
21.0,170.0,0.779253
22.0,170.0,0.735465
23.0,170.0,0.69506
24.0,170.0,0.65784
25.0,170.0,0.623469
50.0,170.0,0.207199
100.0,170.0,0.000125
2.0,175.0,165101.660461
2.1,175.0,96476.522077
2.2,175.0,59019.301624
2.3,175.0,37272.280305
2.4,175.0,23974.391037
2.5,175.0,15540.65506
2.6,175.0,10062.717261
2.7,175.0,6456.220763
2.8,175.0,4074.135081
2.9,175.0,2508.771808
3.0,175.0,1487.945526
3.1,175.0,824.332367
3.2,175.0,392.922978
3.3,175.0,114.774689
3.4,175.0,-58.921364
3.5,175.0,-160.246889
3.6,175.0,-212.299343
3.7,175.0,-232.244702
3.8,175.0,-232.407165
3.9,175.0,-221.138664
4.0,175.0,-203.834939
4.1,175.0,-183.875734
4.2,175.0,-163.315152
4.3,175.0,-143.338298
4.4,175.0,-124.565232
4.5,175.0,-107.272341
4.6,175.0,-91.549694
4.7,175.0,-77.404203
4.8,175.0,-64.811144
4.9,175.0,-53.73265
5.0,175.0,-44.115962
5.1,175.0,-35.888244
5.2,175.0,-28.953609
5.3,175.0,-23.194526
5.4,175.0,-18.478277
5.5,175.0,-14.664554
5.6,175.0,-11.61389
5.7,175.0,-9.194131
5.8,175.0,-7.285612
5.9,175.0,-5.783782
6.0,175.0,-4.600445
6.2,175.0,-2.914481
6.4,175.0,-1.812928
6.6,175.0,-1.051278
6.8,175.0,-0.494161
7.0,175.0,-0.068673
7.2,175.0,0.265147
7.4,175.0,0.530744
7.6,175.0,0.743287
7.8,175.0,0.913552
8.0,175.0,1.0497
8.2,175.0,1.158143
8.4,175.0,1.244001
8.6,175.0,1.311403
8.8,175.0,1.363671
9.0,175.0,1.403515
9.5,175.0,1.4622
10.0,175.0,1.480673
10.5,175.0,1.474148
11.0,175.0,1.452139
11.5,175.0,1.420699
12.0,175.0,1.383724
12.5,175.0,1.343753
13.0,175.0,1.302446
13.5,175.0,1.260885
14.0,175.0,1.219778
14.5,175.0,1.179573
15.0,175.0,1.140545
16.0,175.0,1.066613
17.0,175.0,0.998493
18.0,175.0,0.936076
19.0,175.0,0.878999
20.0,175.0,0.826798
21.0,175.0,0.779342
22.0,175.0,0.735565
23.0,175.0,0.695151
24.0,175.0,0.65793
25.0,175.0,0.623554
50.0,175.0,0.207223
100.0,175.0,0.000131
2.0,180.0,202022.397053
2.1,180.0,110168.733483
2.2,180.0,64778.771432
2.3,180.0,39960.306282
2.4,180.0,25337.711525
2.5,180.0,16276.160695
2.6,180.0,10478.029873
2.7,180.0,6697.6494
2.8,180.0,4215.782923
2.9,180.0,2591.377888
3.0,180.0,1535.745176
3.1,180.0,851.925982
3.2,180.0,408.493135
3.3,180.0,122.633253
3.4,180.0,-56.324801
3.5,180.0,-161.166654
3.6,180.0,-215.344593
3.7,180.0,-236.372911
3.8,180.0,-236.925622
3.9,180.0,-225.637717
4.0,180.0,-208.093562
4.1,180.0,-187.78451
4.2,180.0,-166.83027
4.3,180.0,-146.454595
4.4,180.0,-127.300346
4.5,180.0,-109.654354
4.6,180.0,-93.609858
4.7,180.0,-79.172321
4.8,180.0,-66.314993
4.9,180.0,-54.998021
5.0,180.0,-45.168018
5.1,180.0,-36.751988
5.2,180.0,-29.653709
5.3,180.0,-23.755159
5.4,180.0,-18.92227
5.5,180.0,-15.012964
5.6,180.0,-11.885368
5.7,180.0,-9.404833
5.8,180.0,-7.449032
5.9,180.0,-5.910966
6.0,180.0,-4.700148
6.2,180.0,-2.978099
6.4,180.0,-1.856303
6.6,180.0,-1.082963
6.8,180.0,-0.518611
7.0,180.0,-0.088235
7.2,180.0,0.249161
7.4,180.0,0.517525
7.6,180.0,0.732273
7.8,180.0,0.904322
8.0,180.0,1.041928
8.2,180.0,1.151569
8.4,180.0,1.238417
8.6,180.0,1.306636
8.8,180.0,1.359584
9.0,180.0,1.399996
9.5,180.0,1.459739
10.0,180.0,1.478906
10.5,180.0,1.472853
11.0,180.0,1.45117
11.5,180.0,1.419958
12.0,180.0,1.383149
12.5,180.0,1.343296
13.0,180.0,1.302073
13.5,180.0,1.26058
14.0,180.0,1.219518
14.5,180.0,1.17935
15.0,180.0,1.140351
16.0,180.0,1.066458
17.0,180.0,0.99836
18.0,180.0,0.935954
19.0,180.0,0.878884
20.0,180.0,0.826689
21.0,180.0,0.779239
22.0,180.0,0.735463
23.0,180.0,0.69505
24.0,180.0,0.657826
25.0,180.0,0.62345
50.0,180.0,0.207097
100.0,180.0,-0.0
