R	Gamma	E
2.00	0	-115.753404659587
2.00	5	-115.754550325584
2.00	10	-115.757848990827
2.00	15	-115.762917806715
2.00	20	-115.769221433573
2.00	25	-115.776180438842
2.00	30	-115.783263468365
2.00	35	-115.790049613199
2.00	40	-115.796249923254
2.00	45	-115.801703227051
2.00	50	-115.806353683416
2.00	55	-115.810223225573
2.00	60	-115.813382276357
2.00	65	-115.815925856562
2.00	70	-115.817954593134
2.00	75	-115.819561428456
2.00	80	-115.82082126183
2.00	85	-115.821784451451
2.00	90	-115.822470708626
2.00	95	-115.822861154013
2.00	100	-115.822888887995
2.00	105	-115.82242402381
2.00	110	-115.821252306361
2.00	115	-115.81904142578
2.00	120	-115.815291071142
2.00	125	-115.809273882154
2.00	130	-115.799986793499
2.00	135	-115.786129936288
2.00	140	-115.766112776181
2.00	145	-115.738155792683
2.00	150	-115.700632194764
2.00	155	-115.652245295393
2.00	160	-115.58964678149
2.00	165	-115.498229847707
2.00	170	-115.338763083067
2.00	175	-115.083027318865
2.00	180	-114.914804041129
2.10	0	-115.781175247764
2.10	5	-115.781921915106
2.10	10	-115.784075386336
2.10	15	-115.7873969376
2.10	20	-115.791547108681
2.10	25	-115.796151179882
2.10	30	-115.800859701805
2.10	35	-115.805388348681
2.10	40	-115.809537636399
2.10	45	-115.813193248154
2.10	50	-115.816313211164
2.10	55	-115.818909572404
2.10	60	-115.82102901598
2.10	65	-115.822735897782
2.10	70	-115.824098677107
2.10	75	-115.8251799639
2.10	80	-115.826030027483
2.10	85	-115.826681383281
2.10	90	-115.827144253815
2.10	95	-115.827401037432
2.10	100	-115.827398391537
2.10	105	-115.82703609659
2.10	110	-115.826150638485
2.10	115	-115.824490834292
2.10	120	-115.821681843292
2.10	125	-115.817178878376
2.10	130	-115.810230324262
2.10	135	-115.7998752254
2.10	140	-115.784976343913
2.10	145	-115.764301234524
2.10	150	-115.736755392407
2.10	155	-115.701616757167
2.10	160	-115.657357535421
2.10	165	-115.59757377227
2.10	170	-115.509165141655
2.10	175	-115.395706500806
2.10	180	-115.333320186369
2.20	0	-115.799899841232
2.20	5	-115.800386483081
2.20	10	-115.801791873324
2.20	15	-115.803963895735
2.20	20	-115.806684806472
2.20	25	-115.809711923142
2.20	30	-115.812815726512
2.20	35	-115.815807275557
2.20	40	-115.818552737387
2.20	45	-115.820974078898
2.20	50	-115.823042291203
2.20	55	-115.824764798904
2.20	60	-115.826172806357
2.20	65	-115.827309186834
2.20	70	-115.828219703409
2.20	75	-115.828946071428
2.20	80	-115.829521387092
2.20	85	-115.829966494652
2.20	90	-115.830286505545
2.20	95	-115.830466412868
2.20	100	-115.830465116275
2.20	105	-115.830206580436
2.20	110	-115.829567623973
2.20	115	-115.82836059388
2.20	120	-115.826308132305
2.20	125	-115.823009513586
2.20	130	-115.817912248131
2.20	135	-115.810315707043
2.20	140	-115.799419272696
2.20	145	-115.784396524183
2.20	150	-115.76453890913
2.20	155	-115.739467667482
2.20	160	-115.708719999743
2.20	165	-115.670102571791
2.20	170	-115.62030759459
2.20	175	-115.566374179218
2.20	180	-115.540132100144
2.30	0	-115.812409815784
2.30	5	-115.812725674824
2.30	10	-115.813638288302
2.30	15	-115.815050345185
2.30	20	-115.816822068764
2.30	25	-115.818796511539
2.30	30	-115.82082424033
2.30	35	-115.822781735863
2.30	40	-115.824580591998
2.30	45	-115.826169316496
2.30	50	-115.827528357935
2.30	55	-115.8286624786
2.30	60	-115.829591914286
2.30	65	-115.830344952788
2.30	70	-115.830951648067
2.30	75	-115.831439617764
2.30	80	-115.83183078563
2.30	85	-115.832138733891
2.30	90	-115.832366100304
2.30	95	-115.832501168314
2.30	100	-115.832513150477
2.30	105	-115.832345544781
2.30	110	-115.83190695321
2.30	115	-115.831058572545
2.30	120	-115.829597095698
2.30	125	-115.82723187902
2.30	130	-115.823563337899
2.30	135	-115.81808715677
2.30	140	-115.810243513669
2.30	145	-115.799492004003
2.30	150	-115.785398204536
2.30	155	-115.767777759497
2.30	160	-115.746664244219
2.30	165	-115.721734012621
2.30	170	-115.692937019667
2.30	175	-115.665460913261
2.30	180	-115.65321336399
2.40	0	-115.820677869694
2.40	5	-115.820881587715
2.40	10	-115.821470558713
2.40	15	-115.822382516458
2.40	20	-115.823527967073
2.40	25	-115.824806230916
2.40	30	-115.826120893993
2.40	35	-115.827391994465
2.40	40	-115.828562136091
2.40	45	-115.829597525266
2.40	50	-115.830485215546
2.40	55	-115.83122791345
2.40	60	-115.831838651635
2.40	65	-115.832335767181
2.40	70	-115.83273905117
2.40	75	-115.83306693836
2.40	80	-115.833334218021
2.40	85	-115.833550160879
2.40	90	-115.833716445972
2.40	95	-115.8338244454
2.40	100	-115.833851738962
2.40	105	-115.833757104892
2.40	110	-115.8334737718
2.40	115	-115.832900347416
2.40	120	-115.831889068517
2.40	125	-115.83023097908
2.40	130	-115.827641132299
2.40	135	-115.823760388533
2.40	140	-115.81819788645
2.40	145	-115.810604567952
2.40	150	-115.800736936295
2.40	155	-115.788528396756
2.40	160	-115.774173011053
2.40	165	-115.75801688154
2.40	170	-115.740893495997
2.40	175	-115.726050563582
2.40	180	-115.719838817492
2.50	0	-115.826087556831
2.50	5	-115.826218236758
2.50	10	-115.826596061685
2.50	15	-115.827181622456
2.50	20	-115.827917772668
2.50	25	-115.828740275488
2.50	30	-115.829587554767
2.50	35	-115.830408140377
2.50	40	-115.831164995566
2.50	45	-115.831836098766
2.50	50	-115.83241275973
2.50	55	-115.832896516774
2.50	60	-115.833295679821
2.50	65	-115.833622213583
2.50	70	-115.833889349079
2.50	75	-115.834109587859
2.50	80	-115.834293250369
2.50	85	-115.834447026396
2.50	90	-115.834572265203
2.50	95	-115.834662986986
2.50	100	-115.83470317743
2.50	105	-115.834663276723
2.50	110	-115.83449523107
2.50	115	-115.834125986121
2.50	120	-115.833449284937
2.50	125	-115.832315982466
2.50	130	-115.830524901449
2.50	135	-115.82782325966
2.50	140	-115.823937552934
2.50	145	-115.818640254647
2.50	150	-115.811809771488
2.50	155	-115.803460386941
2.50	160	-115.793803326557
2.50	165	-115.783309872569
2.50	170	-115.772877716059
2.50	175	-115.764477497618
2.50	180	-115.761126286885
2.60	0	-115.829597619313
2.60	5	-115.829680976661
2.60	10	-115.829922108337
2.60	15	-115.830296003692
2.60	20	-115.830766517488
2.60	25	-115.831292839611
2.60	30	-115.831835776204
2.60	35	-115.832362439066
2.60	40	-115.832848990525
2.60	45	-115.833281123918
2.60	50	-115.833653089916
2.60	55	-115.833965772454
2.60	60	-115.834224590772
2.60	65	-115.83443752097
2.60	70	-115.834613558699
2.60	75	-115.834761435284
2.60	80	-115.834888579084
2.60	85	-115.8350000088
2.60	90	-115.835097056215
2.60	95	-115.835175770165
2.60	100	-115.835224949911
2.60	105	-115.835223632921
2.60	110	-115.835137728612
2.60	115	-115.834915388775
2.60	120	-115.83448114981
2.60	125	-115.833729500884
2.60	130	-115.832519491604
2.60	135	-115.830675112876
2.60	140	-115.828005478446
2.60	145	-115.824357591811
2.60	150	-115.819676897525
2.60	155	-115.814027795739
2.60	160	-115.807606864495
2.60	165	-115.800813105986
2.60	170	-115.794358801134
2.60	175	-115.789436822291
2.60	180	-115.787544518524
2.70	0	-115.831857821783
2.70	5	-115.831910665754
2.70	10	-115.83206353689
2.70	15	-115.832300707919
2.70	20	-115.832599387514
2.70	25	-115.832933811381
2.70	30	-115.833279131346
2.70	35	-115.833614431262
2.70	40	-115.833924470429
2.70	45	-115.834200036633
2.70	50	-115.834437426525
2.70	55	-115.834637242487
2.70	60	-115.834803140206
2.70	65	-115.834940584337
2.70	70	-115.835055851655
2.70	75	-115.835155192823
2.70	80	-115.835244080048
2.70	85	-115.835326414948
2.70	90	-115.835403534235
2.70	95	-115.835473000878
2.70	100	-115.835527122791
2.70	105	-115.835551212772
2.70	110	-115.83552134467
2.70	115	-115.835401260481
2.70	120	-115.835138212222
2.70	125	-115.83465842766
2.70	130	-115.833863879802
2.70	135	-115.832633243723
2.70	140	-115.830834529205
2.70	145	-115.828361629251
2.70	150	-115.82518909967
2.70	155	-115.821399922694
2.70	160	-115.817175386384
2.70	165	-115.812815284968
2.70	170	-115.808808647937
2.70	175	-115.80586923177
2.70	180	-115.804769201806
2.80	0	-115.83329989471
2.80	5	-115.833333062914
2.80	10	-115.833429060638
2.80	15	-115.833578029934
2.80	20	-115.833765732824
2.80	25	-115.833975995576
2.80	30	-115.834193172115
2.80	35	-115.834404076447
2.80	40	-115.834599037108
2.80	45	-115.834772239095
2.80	50	-115.834921363655
2.80	55	-115.835046958503
2.80	60	-115.835151595902
2.80	65	-115.835239141775
2.80	70	-115.83531407934
2.80	75	-115.835380974186
2.80	80	-115.83544393727
2.80	85	-115.835506040353
2.80	90	-115.835568595248
2.80	95	-115.835630224792
2.80	100	-115.835685775651
2.80	105	-115.83572507819
2.80	110	-115.835731511805
2.80	115	-115.835680055668
2.80	120	-115.835534497612
2.80	125	-115.835244133818
2.80	130	-115.834741506998
2.80	135	-115.833943710063
2.80	140	-115.832760671556
2.80	145	-115.831118319836
2.80	150	-115.829000128258
2.80	155	-115.826481757971
2.80	160	-115.823723507105
2.80	165	-115.820952452373
2.80	170	-115.818482219663
2.80	175	-115.81672281429
2.80	180	-115.816077419144
2.90	0	-115.834207854472
2.90	5	-115.834228385365
2.90	10	-115.834287793332
2.90	15	-115.834380016301
2.90	20	-115.83449621363
2.90	25	-115.834626343851
2.90	30	-115.834760669312
2.90	35	-115.834890955761
2.90	40	-115.835011172552
2.90	45	-115.835117722414
2.90	50	-115.835209268958
2.90	55	-115.835286354819
2.90	60	-115.835350896884
2.90	65	-115.835405709111
2.90	70	-115.835454077159
2.90	75	-115.835499381749
2.90	80	-115.835544736138
2.90	85	-115.835592571043
2.90	90	-115.835644101737
2.90	95	-115.835698665514
2.90	100	-115.835752908617
2.90	105	-115.835799908475
2.90	110	-115.835828244467
2.90	115	-115.835820869895
2.90	120	-115.835753404326
2.90	125	-115.835591781971
2.90	130	-115.83529040347
2.90	135	-115.834793143884
2.90	140	-115.834039412978
2.90	145	-115.832978364334
2.90	150	-115.831595988152
2.90	155	-115.829946964817
2.90	160	-115.828159858508
2.90	165	-115.826409647551
2.90	170	-115.824899410907
2.90	175	-115.823855135177
2.90	180	-115.823478754126
3.00	0	-115.834768313864
3.00	5	-115.834780756496
3.00	10	-115.834816766915
3.00	15	-115.834872643464
3.00	20	-115.834943001107
3.00	25	-115.835021687002
3.00	30	-115.83510273057
3.00	35	-115.835181077531
3.00	40	-115.835253053609
3.00	45	-115.835316523133
3.00	50	-115.835370820122
3.00	55	-115.835416509007
3.00	60	-115.835455086345
3.00	65	-115.835488666083
3.00	70	-115.835519699926
3.00	75	-115.835550716473
3.00	80	-115.835584074118
3.00	85	-115.835621671706
3.00	90	-115.835664586528
3.00	95	-115.83571259976
3.00	100	-115.835763619327
3.00	105	-115.835813041337
3.00	110	-115.835853143796
3.00	115	-115.835872475069
3.00	120	-115.835854948783
3.00	125	-115.835778327379
3.00	130	-115.835612633975
3.00	135	-115.835320510159
3.00	140	-115.834861675199
3.00	145	-115.834202214834
3.00	150	-115.833330536176
3.00	155	-115.832279787656
3.00	160	-115.831140397565
3.00	165	-115.830042310232
3.00	170	-115.829122681506
3.00	175	-115.828506362614
3.00	180	-115.828288571356
3.10	0	-115.835104075223
3.10	5	-115.835111390953
3.10	10	-115.83513254746
3.10	15	-115.83516534029
3.10	20	-115.835206542293
3.10	25	-115.835252467199
3.10	30	-115.835299528623
3.10	35	-115.835344708425
3.10	40	-115.835385853685
3.10	45	-115.835421789158
3.10	50	-115.835452293882
3.10	55	-115.835477956775
3.10	60	-115.835499989173
3.10	65	-115.835520018046
3.10	70	-115.835539892393
3.10	75	-115.835561508209
3.10	80	-115.835586637955
3.10	85	-115.835616740661
3.10	90	-115.835652725569
3.10	95	-115.835694635321
3.10	100	-115.835741243863
3.10	105	-115.835789600836
3.10	110	-115.835834614359
3.10	115	-115.835868738316
3.10	120	-115.835881594064
3.10	125	-115.835859155677
3.10	130	-115.835782510583
3.10	135	-115.835627563162
3.10	140	-115.835367922863
3.10	145	-115.834981495013
3.10	150	-115.834459912779
3.10	155	-115.833821202003
3.10	160	-115.833121097227
3.10	165	-115.83244719927
3.10	170	-115.831892417356
3.10	175	-115.831530007076
3.10	180	-115.8314042813
3.20	0	-115.835295924745
3.20	5	-115.83530002207
3.20	10	-115.835311858506
3.20	15	-115.835330150184
3.20	20	-115.835353018745
3.20	25	-115.835378320112
3.20	30	-115.835403975168
3.20	35	-115.835428262475
3.20	40	-115.835450003185
3.20	45	-115.835468649693
3.20	50	-115.835484266164
3.20	55	-115.835497448123
3.20	60	-115.83550919638
3.20	65	-115.835520776189
3.20	70	-115.835533586781
3.20	75	-115.835549040962
3.20	80	-115.835568454352
3.20	85	-115.835592926497
3.20	90	-115.835623197058
3.20	95	-115.835659449549
3.20	100	-115.835701044323
3.20	105	-115.835746200619
3.20	110	-115.835791703314
3.20	115	-115.835832730815
3.20	120	-115.835862779256
3.20	125	-115.835873363449
3.20	130	-115.835853216892
3.20	135	-115.835787626259
3.20	140	-115.835659823203
3.20	145	-115.835455606881
3.20	150	-115.835169532681
3.20	155	-115.834811269775
3.20	160	-115.834411707897
3.20	165	-115.834022712616
3.20	170	-115.833702518089
3.20	175	-115.833495653167
3.20	180	-115.833424710301
3.30	0	-115.835396875407
3.30	5	-115.835398986228
3.30	10	-115.835405063164
3.30	15	-115.835414390542
3.30	20	-115.835425923573
3.30	25	-115.835438472731
3.30	30	-115.835450905229
3.30	35	-115.835462316966
3.30	40	-115.835472151327
3.30	45	-115.835480252014
3.30	50	-115.835486857808
3.30	55	-115.835492542619
3.30	60	-115.83549813307
3.30	65	-115.835504613426
3.30	70	-115.835513035569
3.30	75	-115.835524440516
3.30	80	-115.835539789164
3.30	85	-115.835559896603
3.30	90	-115.835585352247
3.30	95	-115.835616407824
3.30	100	-115.835652816054
3.30	105	-115.835693616297
3.30	110	-115.835736924726
3.30	115	-115.835779831822
3.30	120	-115.835818446681
3.30	125	-115.835847921531
3.30	130	-115.83586207797
3.30	135	-115.835852708081
3.30	140	-115.83580983843
3.30	145	-115.83572450237
3.30	150	-115.835593186633
3.30	155	-115.835421223531
3.30	160	-115.835224582219
3.30	165	-115.835029747133
3.30	170	-115.834867748537
3.30	175	-115.834762990204
3.30	180	-115.834727183946
3.40	0	-115.835441623315
3.40	5	-115.835442535998
3.40	10	-115.835445141511
3.40	15	-115.835449068874
3.40	20	-115.835453779835
3.40	25	-115.835458674348
3.40	30	-115.835463203678
3.40	35	-115.83546697071
3.40	40	-115.835469802779
3.40	45	-115.835471778156
3.40	50	-115.835473220197
3.40	55	-115.835474656978
3.40	60	-115.835476762974
3.40	65	-115.835480294967
3.40	70	-115.835486033583
3.40	75	-115.83549473479
3.40	80	-115.835507091884
3.40	85	-115.835523701994
3.40	90	-115.835545032516
3.40	95	-115.835571365562
3.40	100	-115.83560271003
3.40	105	-115.835638669531
3.40	110	-115.835678300787
3.40	115	-115.835720034033
3.40	120	-115.835761747368
3.40	125	-115.83580093316
3.40	130	-115.835834646719
3.40	135	-115.835858997177
3.40	140	-115.83586878169
3.40	145	-115.835858678706
3.40	150	-115.835826193454
3.40	155	-115.835773971563
3.40	160	-115.835709619538
3.40	165	-115.835644139559
3.40	170	-115.835589443145
3.40	175	-115.835554407767
3.40	180	-115.835542576952
3.50	0	-115.835452831485
3.50	5	-115.835453050361
3.50	10	-115.835453649248
3.50	15	-115.835454462159
3.50	20	-115.835455255769
3.50	25	-115.835455784329
3.50	30	-115.835455851034
3.50	35	-115.835455363043
3.50	40	-115.83545436857
3.50	45	-115.83545307077
3.50	50	-115.835451816933
3.50	55	-115.835451070135
3.50	60	-115.835451368444
3.50	65	-115.835453284493
3.50	70	-115.83545738866
3.50	75	-115.835464223071
3.50	80	-115.835474283019
3.50	85	-115.835488008035
3.50	90	-115.835505771367
3.50	95	-115.835527865214
3.50	100	-115.835554460305
3.50	105	-115.835585539419
3.50	110	-115.835620805741
3.50	115	-115.835659626718
3.50	120	-115.835701087274
3.50	125	-115.835744176572
3.50	130	-115.835787911353
3.50	135	-115.835831080614
3.50	140	-115.835871687572
3.50	145	-115.835907041353
3.50	150	-115.835935260775
3.50	155	-115.835956922991
3.50	160	-115.835974602235
3.50	165	-115.835990586441
3.50	170	-115.836005118672
3.50	175	-115.836016080894
3.50	180	-115.836020271652
3.60	0	-115.835445242598
3.60	5	-115.835445088666
3.60	10	-115.835444611358
3.60	15	-115.835443764045
3.60	20	-115.835442490173
3.60	25	-115.835440748806
3.60	30	-115.835438544765
3.60	35	-115.835435953628
3.60	40	-115.835433138505
3.60	45	-115.835430352184
3.60	50	-115.835427925609
3.60	55	-115.835426247451
3.60	60	-115.835425737047
3.60	65	-115.835426819748
3.60	70	-115.835429907454
3.60	75	-115.835435385274
3.60	80	-115.835443608804
3.60	85	-115.835454905086
3.60	90	-115.835469579988
3.60	95	-115.835487922224
3.60	100	-115.835510199467
3.60	105	-115.835536634502
3.60	110	-115.835567361912
3.60	115	-115.835602389838
3.60	120	-115.835641630401
3.60	125	-115.835685037694
3.60	130	-115.835732780811
3.60	135	-115.835785174918
3.60	140	-115.83584219444
3.60	145	-115.835902994034
3.60	150	-115.835966230836
3.60	155	-115.836030943476
3.60	160	-115.83609629896
3.60	165	-115.836159624698
3.60	170	-115.836214812086
3.60	175	-115.836253249358
3.60	180	-115.836267124538
3.70	0	-115.835428327405
3.70	5	-115.835428000178
3.70	10	-115.835427025663
3.70	15	-115.835425422759
3.70	20	-115.835423230457
3.70	25	-115.835420517433
3.70	30	-115.835417392276
3.70	35	-115.835414011572
3.70	40	-115.835410583903
3.70	45	-115.83540736422
3.70	50	-115.835404645259
3.70	55	-115.835402740702
3.70	60	-115.835401971031
3.70	65	-115.835402647638
3.70	70	-115.83540506576
3.70	75	-115.835409500493
3.70	80	-115.835416210106
3.70	85	-115.835425445199
3.70	90	-115.835437461321
3.70	95	-115.835452537224
3.70	100	-115.835470988574
3.70	105	-115.835493178375
3.70	110	-115.83551950957
3.70	115	-115.835550412667
3.70	120	-115.835586356974
3.70	125	-115.835627930133
3.70	130	-115.835675972167
3.70	135	-115.835731586143
3.70	140	-115.83579580183
3.70	145	-115.835868926035
3.70	150	-115.835950126203
3.70	155	-115.836037513236
3.70	160	-115.836127944965
3.70	165	-115.83621577013
3.70	170	-115.83629171484
3.70	175	-115.836344127112
3.70	180	-115.836362936618
3.80	0	-115.835407992338
3.80	5	-115.83540761067
3.80	10	-115.835406484613
3.80	15	-115.835404663719
3.80	20	-115.835402232247
3.80	25	-115.835399308184
3.80	30	-115.835396042632
3.80	35	-115.835392618872
3.80	40	-115.835389247677
3.80	45	-115.835386161488
3.80	50	-115.835383604869
3.80	55	-115.835381824588
3.80	60	-115.835381060755
3.80	65	-115.835381541094
3.80	70	-115.83538347778
3.80	75	-115.835387070422
3.80	80	-115.835392511973
3.80	85	-115.835400000141
3.80	90	-115.835409753972
3.80	95	-115.835422034493
3.80	100	-115.835437172972
3.80	105	-115.835455598521
3.80	110	-115.835477863278
3.80	115	-115.835504653788
3.80	120	-115.835536800012
3.80	125	-115.835575305338
3.80	130	-115.835621405248
3.80	135	-115.83567657577
3.80	140	-115.835742296116
3.80	145	-115.835819449384
3.80	150	-115.835907583123
3.80	155	-115.836004410545
3.80	160	-115.836105436397
3.80	165	-115.836203288961
3.80	170	-115.836287286144
3.80	175	-115.83634486735
3.80	180	-115.836365454958
3.90	0	-115.835387712915
3.90	5	-115.835387342757
3.90	10	-115.835386254671
3.90	15	-115.835384509342
3.90	20	-115.83538220534
3.90	25	-115.835379473385
3.90	30	-115.835376470834
3.90	35	-115.835373375817
3.90	40	-115.835370379696
3.90	45	-115.835367680287
3.90	50	-115.835365474329
3.90	55	-115.835363952411
3.90	60	-115.83536329383
3.90	65	-115.835363665519
3.90	70	-115.835365222911
3.90	75	-115.835368115096
3.90	80	-115.835372491668
3.90	85	-115.835378513826
3.90	90	-115.835386370405
3.90	95	-115.835396301194
3.90	100	-115.835408628177
3.90	105	-115.835423797461
3.90	110	-115.835442423759
3.90	115	-115.835465325244
3.90	120	-115.835493542115
3.90	125	-115.83552833774
3.90	130	-115.835571188061
3.90	135	-115.835623731473
3.90	140	-115.835687562971
3.90	145	-115.835763735385
3.90	150	-115.835851978632
3.90	155	-115.835949914385
3.90	160	-115.836052472426
3.90	165	-115.836151515227
3.90	170	-115.836235982287
3.90	175	-115.836293524274
3.90	180	-115.83631402347
4.00	0	-115.835369322841
4.00	5	-115.835368995105
4.00	10	-115.835368034506
4.00	15	-115.835366500682
4.00	20	-115.83536448889
4.00	25	-115.835362122995
4.00	30	-115.835359547414
4.00	35	-115.835356919563
4.00	40	-115.83535440178
4.00	45	-115.835352155403
4.00	50	-115.835350335498
4.00	55	-115.835349087621
4.00	60	-115.835348546417
4.00	65	-115.83534883674
4.00	70	-115.835350076041
4.00	75	-115.835352379761
4.00	80	-115.835355868077
4.00	85	-115.835360675972
4.00	90	-115.835366967234
4.00	95	-115.835374956238
4.00	100	-115.835384941579
4.00	105	-115.835397352442
4.00	110	-115.835412805905
4.00	115	-115.835432161899
4.00	120	-115.835456555999
4.00	125	-115.835487392128
4.00	130	-115.835526283922
4.00	135	-115.835574938657
4.00	140	-115.835634927072
4.00	145	-115.835707248212
4.00	150	-115.835791635634
4.00	155	-115.835885728975
4.00	160	-115.8359843876
4.00	165	-115.836079417066
4.00	170	-115.836160044051
4.00	175	-115.83621468269
4.00	180	-115.836234086406
4.10	0	-115.835353585932
4.10	5	-115.835353310696
4.10	10	-115.835352505067
4.10	15	-115.835351222182
4.10	20	-115.835349545824
4.10	25	-115.835347583689
4.10	30	-115.835345458998
4.10	35	-115.835343302995
4.10	40	-115.835341248039
4.10	45	-115.835339422479
4.10	50	-115.835337947266
4.10	55	-115.835336933932
4.10	60	-115.835336485325
4.10	65	-115.835336697464
4.10	70	-115.835337662539
4.10	75	-115.835339473724
4.10	80	-115.835342230704
4.10	85	-115.835346048334
4.10	90	-115.835351068024
4.10	95	-115.835357478032
4.10	100	-115.835365544362
4.10	105	-115.835375659396
4.10	110	-115.835388404451
4.10	115	-115.835404618204
4.10	120	-115.83542544492
4.10	125	-115.835452333052
4.10	130	-115.8354869563
4.10	135	-115.835531044881
4.10	140	-115.835586111087
4.10	145	-115.835653030406
4.10	150	-115.835731442594
4.10	155	-115.835819016183
4.10	160	-115.835910792318
4.10	165	-115.835998961653
4.10	170	-115.836073462185
4.10	175	-115.836123741847
4.10	180	-115.836141551544
4.20	0	-115.835340614895
4.20	5	-115.835340390106
4.20	10	-115.835339733049
4.20	15	-115.835338687982
4.20	20	-115.835337324437
4.20	25	-115.835335731371
4.20	30	-115.83533400955
4.20	35	-115.835332264805
4.20	40	-115.835330602705
4.20	45	-115.835329124359
4.20	50	-115.835327923769
4.20	55	-115.835327088244
4.20	60	-115.835326698299
4.20	65	-115.835326830321
4.20	70	-115.835327559482
4.20	75	-115.835328963447
4.20	80	-115.835331126923
4.20	85	-115.835334148583
4.20	90	-115.835338150173
4.20	95	-115.835343293568
4.20	100	-115.835349809426
4.20	105	-115.835358042766
4.20	110	-115.835368516576
4.20	115	-115.835382007542
4.20	120	-115.835399607042
4.20	125	-115.835422732939
4.20	130	-115.835453051584
4.20	135	-115.835492283299
4.20	140	-115.835541886291
4.20	145	-115.83560263172
4.20	150	-115.835674061568
4.20	155	-115.835753875655
4.20	160	-115.835837392738
4.20	165	-115.83591739666
4.20	170	-115.835984754442
4.20	175	-115.836030060931
4.20	180	-115.83604607699
4.30	0	-115.835330170044
4.30	5	-115.835329988343
4.30	10	-115.835329457512
4.30	15	-115.835328612926
4.30	20	-115.835327510844
4.30	25	-115.835326222351
4.30	30	-115.835324827844
4.30	35	-115.835323411446
4.30	40	-115.835322056772
4.30	45	-115.835320843565
4.30	50	-115.835319846388
4.30	55	-115.835319134661
4.30	60	-115.835318773608
4.30	65	-115.835318826059
4.30	70	-115.83531935531
4.30	75	-115.835320427741
4.30	80	-115.835322116685
4.30	85	-115.835324506939
4.30	90	-115.835327702826
4.30	95	-115.835331841791
4.30	100	-115.835337119015
4.30	105	-115.835343828858
4.30	110	-115.835352426267
4.30	115	-115.835363602361
4.30	120	-115.835378354875
4.30	125	-115.835398015125
4.30	130	-115.835424183678
4.30	135	-115.83545853491
4.30	140	-115.835502484356
4.30	145	-115.835556744507
4.30	150	-115.835620813944
4.30	155	-115.835692459287
4.30	160	-115.835767311565
4.30	165	-115.835838808009
4.30	170	-115.835898803841
4.30	175	-115.835939039673
4.30	180	-115.835953238569
4.40	0	-115.835321859951
4.40	5	-115.835321712206
4.40	10	-115.835321280797
4.40	15	-115.83532059351
4.40	20	-115.835319694928
4.40	25	-115.835318641442
4.40	30	-115.835317496612
4.40	35	-115.835316327454
4.40	40	-115.835315200412
4.40	45	-115.835314179488
4.40	50	-115.835313325089
4.40	55	-115.835312694115
4.40	60	-115.835312340852
4.40	65	-115.835312318811
4.40	70	-115.835312682275
4.40	75	-115.835313489192
4.40	80	-115.835314803263
4.40	85	-115.835316697813
4.40	90	-115.835319261817
4.40	95	-115.835322610558
4.40	100	-115.835326906609
4.40	105	-115.835332395318
4.40	110	-115.835339461041
4.40	115	-115.835348699732
4.40	120	-115.835360992484
4.40	125	-115.835377546262
4.40	130	-115.835399848129
4.40	135	-115.835429489756
4.40	140	-115.835467839362
4.40	145	-115.835515592443
4.40	150	-115.835572273401
4.40	155	-115.835635780121
4.40	160	-115.835702083095
4.40	165	-115.835765268688
4.40	170	-115.835818137702
4.40	175	-115.835853503276
4.40	180	-115.835865965374
4.50	0	-115.835315264635
4.50	5	-115.835315142421
4.50	10	-115.835314785372
4.50	15	-115.835314215493
4.50	20	-115.835313467935
4.50	25	-115.835312587632
4.50	30	-115.835311625394
4.50	35	-115.835310635026
4.50	40	-115.835309670525
4.50	45	-115.835308784373
4.50	50	-115.835308026925
4.50	55	-115.835307446064
4.50	60	-115.83530708845
4.50	65	-115.835307000403
4.50	70	-115.835307229609
4.50	75	-115.835307826832
4.50	80	-115.83530884772
4.50	85	-115.835310355892
4.50	90	-115.835312426904
4.50	95	-115.835315157081
4.50	100	-115.835318679964
4.50	105	-115.835323196593
4.50	110	-115.835329023953
4.50	115	-115.835336662141
4.50	120	-115.835346866943
4.50	125	-115.835360698629
4.50	130	-115.835379498095
4.50	135	-115.83540473832
4.50	140	-115.835437723064
4.50	145	-115.835479150519
4.50	150	-115.835528628484
4.50	155	-115.835584249903
4.50	160	-115.835642363577
4.50	165	-115.83569768179
4.50	170	-115.835743873062
4.50	175	-115.835774711056
4.50	180	-115.83578556431
4.60	0	-115.835310001357
4.60	5	-115.835309897619
4.60	10	-115.835309594488
4.60	15	-115.835309109423
4.60	20	-115.835308470715
4.60	25	-115.835307714577
4.60	30	-115.835306882501
4.60	35	-115.835306018728
4.60	40	-115.835305168207
4.60	45	-115.835304375221
4.60	50	-115.83530368275
4.60	55	-115.835303132408
4.60	60	-115.835302765078
4.60	65	-115.835302621666
4.60	70	-115.835302744337
4.60	75	-115.835303177857
4.60	80	-115.835303971137
4.60	85	-115.835305179177
4.60	90	-115.835306866366
4.60	95	-115.835309112895
4.60	100	-115.835312027811
4.60	105	-115.835315773416
4.60	110	-115.835320606272
4.60	115	-115.835326936135
4.60	120	-115.835335394489
4.60	125	-115.835346887446
4.60	130	-115.835362589757
4.60	135	-115.835383828277
4.60	140	-115.835411817504
4.60	145	-115.835447257279
4.60	150	-115.83548986784
4.60	155	-115.835537987257
4.60	160	-115.835588375459
4.60	165	-115.835636353976
4.60	170	-115.835676382032
4.60	175	-115.835703073398
4.60	180	-115.835712460197
4.70	0	-115.835305751998
4.70	5	-115.835305661479
4.70	10	-115.835305396853
4.70	15	-115.835304972245
4.70	20	-115.835304411033
4.70	25	-115.835303743157
4.70	30	-115.835303003404
4.70	35	-115.835302229089
4.70	40	-115.835301458714
4.70	45	-115.835300730717
4.70	50	-115.835300082776
4.70	55	-115.835299551804
4.70	60	-115.835299174206
4.70	65	-115.83529898649
4.70	70	-115.835299026342
4.70	75	-115.835299333373
4.70	80	-115.83529995055
4.70	85	-115.835300925592
4.70	90	-115.835302313474
4.70	95	-115.835304181114
4.70	100	-115.835306617284
4.70	105	-115.835309751715
4.70	110	-115.835313788809
4.70	115	-115.8353190575
4.70	120	-115.835326073121
4.70	125	-115.835335590097
4.70	130	-115.835348610681
4.70	135	-115.835366297806
4.70	140	-115.835389754083
4.70	145	-115.83541966454
4.70	150	-115.835455865245
4.70	155	-115.835496961284
4.70	160	-115.835540144289
4.70	165	-115.835581331533
4.70	170	-115.835615706759
4.70	175	-115.83563862179
4.70	180	-115.835646677929
4.80	0	-115.835302267326
4.80	5	-115.835302186263
4.80	10	-115.835301949296
4.80	15	-115.83530156819
4.80	20	-115.835301062686
4.80	25	-115.835300458462
4.80	30	-115.835299785269
4.80	35	-115.835299075659
4.80	40	-115.835298363454
4.80	45	-115.835297682709
4.80	50	-115.835297067259
4.80	55	-115.835296550277
4.80	60	-115.835296164656
4.80	65	-115.835295943342
4.80	70	-115.835295920029
4.80	75	-115.83529613005
4.80	80	-115.835296611161
4.80	85	-115.835297404905
4.80	90	-115.835298558399
4.80	95	-115.835300127627
4.80	100	-115.835302185006
4.80	105	-115.835304833767
4.80	110	-115.83530823461
4.80	115	-115.835312647052
4.80	120	-115.835318482232
4.80	125	-115.835326353951
4.80	130	-115.835337095423
4.80	135	-115.835351698989
4.80	140	-115.835371138534
4.80	145	-115.835396062404
4.80	150	-115.835426407549
4.80	155	-115.835461042984
4.80	160	-115.835497589377
4.80	165	-115.835532543022
4.80	170	-115.835561757639
4.80	175	-115.835581243581
4.80	180	-115.835588095622
4.90	0	-115.835299359794
4.90	5	-115.835299285773
4.90	10	-115.835299069236
4.90	15	-115.835298720377
4.90	20	-115.835298256411
4.90	25	-115.835297699766
4.90	30	-115.835297076739
4.90	35	-115.83529641631
4.90	40	-115.835295748807
4.90	45	-115.835295105068
4.90	50	-115.835294515747
4.90	55	-115.835294011188
4.90	60	-115.835293621354
4.90	65	-115.835293376086
4.90	70	-115.83529330576
4.90	75	-115.835293441872
4.90	80	-115.835293817807
4.90	85	-115.835294469831
4.90	90	-115.835295438432
4.90	95	-115.835296770848
4.90	100	-115.835298526305
4.90	105	-115.835300786892
4.90	110	-115.835303677977
4.90	115	-115.835307400885
4.90	120	-115.835312277454
4.90	125	-115.835318795623
4.90	130	-115.835327631512
4.90	135	-115.835339610398
4.90	140	-115.835355567961
4.90	145	-115.835376096463
4.90	150	-115.835401208868
4.90	155	-115.835430014455
4.90	160	-115.835460542934
4.90	165	-115.835489838436
4.90	170	-115.835514378065
4.90	175	-115.83553076624
4.90	180	-115.835536531695
5.00	0	-115.835296892019
5.00	5	-115.835296823462
5.00	10	-115.835296622875
5.00	15	-115.835296299296
5.00	20	-115.835295868019
5.00	25	-115.835295349164
5.00	30	-115.835294766412
5.00	35	-115.835294146038
5.00	40	-115.835293515662
5.00	45	-115.83529290349
5.00	50	-115.835292337763
5.00	55	-115.835291846296
5.00	60	-115.835291456549
5.00	65	-115.835291195794
5.00	70	-115.835291091447
5.00	75	-115.83529117173
5.00	80	-115.835291466204
5.00	85	-115.8352920067
5.00	90	-115.835292828207
5.00	95	-115.835293970824
5.00	100	-115.835295483323
5.00	105	-115.835297431255
5.00	110	-115.835299911717
5.00	115	-115.835303079066
5.00	120	-115.835307180665
5.00	125	-115.83531259617
5.00	130	-115.835319861393
5.00	135	-115.835329645227
5.00	140	-115.835342645399
5.00	145	-115.835359383282
5.00	150	-115.835379920436
5.00	155	-115.835403573088
5.00	160	-115.835428742706
5.00	165	-115.835452979688
5.00	170	-115.835473333876
5.00	175	-115.835486949382
5.00	180	-115.835491742902
5.10	0	-115.835294765001
5.10	5	-115.83529470097
5.10	10	-115.835294513675
5.10	15	-115.835294211223
5.10	20	-115.835293807507
5.10	25	-115.835293320776
5.10	30	-115.835292772736
5.10	35	-115.835292187454
5.10	40	-115.835291590319
5.10	45	-115.835291007446
5.10	50	-115.835290464869
5.10	55	-115.835289988307
5.10	60	-115.835289602993
5.10	65	-115.835289333912
5.10	70	-115.835289205936
5.10	75	-115.835289244415
5.10	80	-115.8352894757
5.10	85	-115.835289927759
5.10	90	-115.835290631073
5.10	95	-115.835291619862
5.10	100	-115.835292934712
5.10	105	-115.835294628184
5.10	110	-115.835296775504
5.10	115	-115.835299493775
5.10	120	-115.83530297002
5.10	125	-115.835307493743
5.10	130	-115.835313479745
5.10	135	-115.835321456901
5.10	140	-115.83533199152
5.10	145	-115.835345526526
5.10	150	-115.835362148151
5.10	155	-115.835381341395
5.10	160	-115.835401832766
5.10	165	-115.835421627107
5.10	170	-115.835438293261
5.10	175	-115.835449461132
5.10	180	-115.835453396643
5.20	0	-115.835292907954
5.20	5	-115.835292847938
5.20	10	-115.83529267243
5.20	15	-115.835292388783
5.20	20	-115.835292009736
5.20	25	-115.835291552119
5.20	30	-115.835291035872
5.20	35	-115.835290483224
5.20	40	-115.835289917727
5.20	45	-115.835289363535
5.20	50	-115.835288844783
5.20	55	-115.835288385307
5.20	60	-115.835288008393
5.20	65	-115.835287736935
5.20	70	-115.835287593544
5.20	75	-115.835287601186
5.20	80	-115.835287783311
5.20	85	-115.835288164722
5.20	90	-115.835288772021
5.20	95	-115.835289634693
5.20	100	-115.835290786827
5.20	105	-115.835292270894
5.20	110	-115.835294145345
5.20	115	-115.835296498527
5.20	120	-115.835299469748
5.20	125	-115.835303275447
5.20	130	-115.8353082297
5.20	135	-115.835314740196
5.20	140	-115.835323253783
5.20	145	-115.835334133667
5.20	150	-115.835347472026
5.20	155	-115.835362885793
5.20	160	-115.835379375968
5.20	165	-115.835395344991
5.20	170	-115.835408820281
5.20	175	-115.835417864607
5.20	180	-115.835421054499
5.30	0	-115.835291270304
5.30	5	-115.835291214011
5.30	10	-115.835291049444
5.30	15	-115.835290783339
5.30	20	-115.83529042747
5.30	25	-115.835289997339
5.30	30	-115.83528951145
5.30	35	-115.835288990375
5.30	40	-115.835288455967
5.30	45	-115.835287930653
5.30	50	-115.835287436848
5.30	55	-115.8352869966
5.30	60	-115.835286631436
5.30	65	-115.835286362374
5.30	70	-115.835286210098
5.30	75	-115.835286195333
5.30	80	-115.835286339188
5.30	85	-115.835286663618
5.30	90	-115.835287192108
5.30	95	-115.835287950182
5.30	100	-115.835288966723
5.30	105	-115.835290276453
5.30	110	-115.835291925092
5.30	115	-115.835293979079
5.30	120	-115.835296540994
5.30	125	-115.835299769668
5.30	130	-115.835303897504
5.30	135	-115.835309230841
5.30	140	-115.835316112479
5.30	145	-115.835324829433
5.30	150	-115.83533546677
5.30	155	-115.835347741014
5.30	160	-115.835360878777
5.30	165	-115.835373619237
5.30	170	-115.835384387571
5.30	175	-115.835391624289
5.30	180	-115.835394178721
5.40	0	-115.835289815597
5.40	5	-115.835289762865
5.40	10	-115.835289608752
5.40	15	-115.835289359505
5.40	20	-115.83528902595
5.40	25	-115.835288622457
5.40	30	-115.835288166184
5.40	35	-115.835287676195
5.40	40	-115.835287172782
5.40	45	-115.835286676767
5.40	50	-115.835286208934
5.40	55	-115.835285789701
5.40	60	-115.835285438967
5.40	65	-115.835285176062
5.40	70	-115.835285019909
5.40	75	-115.835284989309
5.40	80	-115.835285103271
5.40	85	-115.835285381437
5.40	90	-115.835285844511
5.40	95	-115.835286514812
5.40	100	-115.835287417059
5.40	105	-115.83528857999
5.40	110	-115.835290039646
5.40	115	-115.835291846137
5.40	120	-115.835294074305
5.40	125	-115.835296838643
5.40	130	-115.835300307271
5.40	135	-115.835304704266
5.40	140	-115.835310284764
5.40	145	-115.835317267087
5.40	150	-115.835325721322
5.40	155	-115.835335436616
5.40	160	-115.835345820118
5.40	165	-115.835355890031
5.40	170	-115.83536440708
5.40	175	-115.835370135474
5.40	180	-115.835372158455
5.50	0	-115.835288517112
5.50	5	-115.835288467812
5.50	10	-115.835288323859
5.50	15	-115.835288090953
5.50	20	-115.835287779115
5.50	25	-115.835287401674
5.50	30	-115.835286974482
5.50	35	-115.83528651525
5.50	40	-115.835286042762
5.50	45	-115.835285576303
5.50	50	-115.835285135173
5.50	55	-115.835284738253
5.50	60	-115.83528440391
5.50	65	-115.835284149986
5.50	70	-115.83528399377
5.50	75	-115.835283952368
5.50	80	-115.835284042971
5.50	85	-115.835284283206
5.50	90	-115.835284691436
5.50	95	-115.835285287315
5.50	100	-115.835286092172
5.50	105	-115.835287130062
5.50	110	-115.835288429892
5.50	115	-115.835290029508
5.50	120	-115.835291983299
5.50	125	-115.83529437244
5.50	130	-115.83529731566
5.50	135	-115.835300972323
5.50	140	-115.835305525934
5.50	145	-115.835311135775
5.50	150	-115.835317853146
5.50	155	-115.835325518989
5.50	160	-115.835333681214
5.50	165	-115.83534158389
5.50	170	-115.835348265044
5.50	175	-115.835352758873
5.50	180	-115.835354346346
5.60	0	-115.835287354737
5.60	5	-115.835287308782
5.60	10	-115.835287174681
5.60	15	-115.835286957645
5.60	20	-115.835286666977
5.60	25	-115.835286314979
5.60	30	-115.835285916295
5.60	35	-115.83528548732
5.60	40	-115.835285045438
5.60	45	-115.835284608529
5.60	50	-115.835284194396
5.60	55	-115.835283820565
5.60	60	-115.835283503966
5.60	65	-115.835283260974
5.60	70	-115.835283107481
5.60	75	-115.835283059113
5.60	80	-115.835283131449
5.60	85	-115.835283340308
5.60	90	-115.835283702134
5.60	95	-115.835284234286
5.60	100	-115.835284955331
5.60	105	-115.835285885693
5.60	110	-115.835287048795
5.60	115	-115.835288473657
5.60	120	-115.835290199655
5.60	125	-115.835292283477
5.60	130	-115.835294806883
5.60	135	-115.835297879607
5.60	140	-115.835301628654
5.60	145	-115.835306164344
5.60	150	-115.83531151886
5.60	155	-115.835317568736
5.60	160	-115.835323969881
5.60	165	-115.835330145254
5.60	170	-115.835335356669
5.60	175	-115.835338859024
5.60	180	-115.835340095966
5.70	0	-115.835286312768
5.70	5	-115.835286270037
5.70	10	-115.835286145475
5.70	15	-115.835285943816
5.70	20	-115.835285673665
5.70	25	-115.835285346352
5.70	30	-115.835284975398
5.70	35	-115.835284575952
5.70	40	-115.835284164097
5.70	45	-115.835283756305
5.70	50	-115.835283369083
5.70	55	-115.835283018567
5.70	60	-115.835282720378
5.70	65	-115.83528248962
5.70	70	-115.835282340877
5.70	75	-115.835282288405
5.70	80	-115.835282346375
5.70	85	-115.835282529059
5.70	90	-115.835282851254
5.70	95	-115.835283328348
5.70	100	-115.835283976668
5.70	105	-115.835284813711
5.70	110	-115.83528585878
5.70	115	-115.835287134439
5.70	120	-115.835288669211
5.70	125	-115.835290502229
5.70	130	-115.835292688229
5.70	135	-115.83529529983
5.70	140	-115.835298420894
5.70	145	-115.835302122462
5.70	150	-115.835306419393
5.70	155	-115.835311212388
5.70	160	-115.835316238425
5.70	165	-115.83532105943
5.70	170	-115.835325113914
5.70	175	-115.835327833788
5.70	180	-115.835328793817
5.80	0	-115.835285378492
5.80	5	-115.835285338846
5.80	10	-115.835285223439
5.80	15	-115.835285036552
5.80	20	-115.835284786112
5.80	25	-115.835284482564
5.80	30	-115.83528413838
5.80	35	-115.835283767469
5.80	40	-115.835283384694
5.80	45	-115.835283005283
5.80	50	-115.835282644422
5.80	55	-115.835282317002
5.80	60	-115.835282037444
5.80	65	-115.835281819641
5.80	70	-115.835281676975
5.80	75	-115.835281622522
5.80	80	-115.835281669151
5.80	85	-115.83528182985
5.80	90	-115.835282117902
5.80	95	-115.835282547072
5.80	100	-115.835283131768
5.80	105	-115.835283887162
5.80	110	-115.835284829432
5.80	115	-115.835285976352
5.80	120	-115.83528734885
5.80	125	-115.835288973531
5.80	130	-115.835290885836
5.80	135	-115.835293131536
5.80	140	-115.83529576216
5.80	145	-115.835298818984
5.80	150	-115.835302301789
5.80	155	-115.83530612767
5.80	160	-115.835310093818
5.80	165	-115.835313867937
5.80	170	-115.835317025799
5.80	175	-115.835319137933
5.80	180	-115.835319882531
5.90	0	-115.835284541193
5.90	5	-115.835284504518
5.90	10	-115.835284397808
5.90	15	-115.835284224994
5.90	20	-115.835283993356
5.90	25	-115.83528371246
5.90	30	-115.835283393817
5.90	35	-115.835283050242
5.90	40	-115.83528269538
5.90	45	-115.835282343239
5.90	50	-115.835282007871
5.90	55	-115.835281702958
5.90	60	-115.835281441821
5.90	65	-115.835281237219
5.90	70	-115.835281101473
5.90	75	-115.835281046529
5.90	80	-115.835281084196
5.90	85	-115.83528122624
5.90	90	-115.835281484657
5.90	95	-115.835281871804
5.90	100	-115.835282400486
5.90	105	-115.835283084001
5.90	110	-115.835283936012
5.90	115	-115.835284970894
5.90	120	-115.835286204108
5.90	125	-115.835287653592
5.90	130	-115.835289341316
5.90	135	-115.835291294004
5.90	140	-115.835293540044
5.90	145	-115.835296098415
5.90	150	-115.835298957285
5.90	155	-115.835302044759
5.90	160	-115.835305202186
5.90	165	-115.835308176739
5.90	170	-115.835310648623
5.90	175	-115.835312295094
5.90	180	-115.835312874587
6.00	0	-115.835283791559
6.00	5	-115.835283757651
6.00	10	-115.835283659178
6.00	15	-115.835283499671
6.00	20	-115.835283285797
6.00	25	-115.835283026339
6.00	30	-115.835282731891
6.00	35	-115.835282414217
6.00	40	-115.83528208584
6.00	45	-115.835281759697
6.00	50	-115.835281448682
6.00	55	-115.835281165423
6.00	60	-115.835280922177
6.00	65	-115.835280730669
6.00	70	-115.835280602253
6.00	75	-115.835280547925
6.00	80	-115.835280578419
6.00	85	-115.835280704499
6.00	90	-115.835280937016
6.00	95	-115.835281287112
6.00	100	-115.835281766218
6.00	105	-115.835282386034
6.00	110	-115.835283158318
6.00	115	-115.835284094857
6.00	120	-115.835285207303
6.00	125	-115.835286507606
6.00	130	-115.835288008544
6.00	135	-115.835289723804
6.00	140	-115.835291665566
6.00	145	-115.835293836987
6.00	150	-115.835296217698
6.00	155	-115.835298743498
6.00	160	-115.835301287945
6.00	165	-115.835303657149
6.00	170	-115.835305609671
6.00	175	-115.835306903413
6.00	180	-115.835307357691
6.20	0	-115.835282522867
6.20	5	-115.835282494009
6.20	10	-115.835282410429
6.20	15	-115.835282275004
6.20	20	-115.835282093322
6.20	25	-115.83528187278
6.20	30	-115.835281622268
6.20	35	-115.835281351668
6.20	40	-115.835281071588
6.20	45	-115.835280792909
6.20	50	-115.835280526568
6.20	55	-115.835280283255
6.20	60	-115.835280073342
6.20	65	-115.835279906839
6.20	70	-115.835279793286
6.20	75	-115.835279742013
6.20	80	-115.835279762036
6.20	85	-115.835279862352
6.20	90	-115.835280051958
6.20	95	-115.835280339958
6.20	100	-115.835280735567
6.20	105	-115.83528124803
6.20	110	-115.835281886284
6.20	115	-115.835282658652
6.20	120	-115.835283572141
6.20	125	-115.83528463192
6.20	130	-115.83528584069
6.20	135	-115.835287197765
6.20	140	-115.83528869742
6.20	145	-115.835290325214
6.20	150	-115.8352920515
6.20	155	-115.835293822557
6.20	160	-115.835295552572
6.20	165	-115.835297122556
6.20	170	-115.835298391529
6.20	175	-115.835299221595
6.20	180	-115.83529951146
6.40	0	-115.835281514855
6.40	5	-115.835281490323
6.40	10	-115.835281419529
6.40	15	-115.835281304799
6.40	20	-115.835281150807
6.40	25	-115.835280963742
6.40	30	-115.835280751046
6.40	35	-115.835280521067
6.40	40	-115.835280282719
6.40	45	-115.835280045166
6.40	50	-115.835279817667
6.40	55	-115.835279609269
6.40	60	-115.835279428783
6.40	65	-115.835279284683
6.40	70	-115.835279185148
6.40	75	-115.835279138005
6.40	80	-115.835279150934
6.40	85	-115.835279231513
6.40	90	-115.835279387215
6.40	95	-115.835279625582
6.40	100	-115.835279954146
6.40	105	-115.835280380303
6.40	110	-115.835280911048
6.40	115	-115.835281552517
6.40	120	-115.835282309255
6.40	125	-115.835283183375
6.40	130	-115.835284173434
6.40	135	-115.835285273329
6.40	140	-115.835286470716
6.40	145	-115.83528774505
6.40	150	-115.83528906474
6.40	155	-115.835290383655
6.40	160	-115.835291638773
6.40	165	-115.835292751174
6.40	170	-115.835293633216
6.40	175	-115.835294202549
6.40	180	-115.835294400179
6.60	0	-115.835280719571
6.60	5	-115.835280698693
6.60	10	-115.83528063871
6.60	15	-115.835280541476
6.60	20	-115.835280410876
6.60	25	-115.835280252133
6.60	30	-115.835280071478
6.60	35	-115.835279875927
6.60	40	-115.835279672975
6.60	45	-115.835279470393
6.60	50	-115.835279275982
6.60	55	-115.835279097444
6.60	60	-115.835278942253
6.60	65	-115.835278817631
6.60	70	-115.835278730529
6.60	75	-115.835278687637
6.60	80	-115.835278695512
6.60	85	-115.835278760514
6.60	90	-115.835278888969
6.60	95	-115.835279087156
6.60	100	-115.835279361252
6.60	105	-115.835279717271
6.60	110	-115.83528016075
6.60	115	-115.835280696329
6.60	120	-115.835281327104
6.60	125	-115.835282053748
6.60	130	-115.835282873379
6.60	135	-115.835283778353
6.60	140	-115.835284755042
6.60	145	-115.835285782329
6.60	150	-115.835286830493
6.60	155	-115.83528786016
6.60	160	-115.835288822255
6.60	165	-115.835289660042
6.60	170	-115.835290314437
6.60	175	-115.835290732213
6.60	180	-115.835290876581
6.80	0	-115.835280097056
6.80	5	-115.835280079238
6.80	10	-115.835280028306
6.80	15	-115.835279945693
6.80	20	-115.835279834692
6.80	25	-115.83527969965
6.80	30	-115.835279545832
6.80	35	-115.835279379134
6.80	40	-115.835279205922
6.80	45	-115.835279032732
6.80	50	-115.835278866162
6.80	55	-115.835278712805
6.80	60	-115.835278579013
6.80	65	-115.835278470951
6.80	70	-115.83527839458
6.80	75	-115.835278355639
6.80	80	-115.835278359663
6.80	85	-115.835278412135
6.80	90	-115.835278518384
6.80	95	-115.835278683675
6.80	100	-115.835278913147
6.80	105	-115.835279211685
6.80	110	-115.835279583722
6.80	115	-115.835280032811
6.80	120	-115.83528056108
6.80	125	-115.835281168476
6.80	130	-115.835281851722
6.80	135	-115.835282603266
6.80	140	-115.835283410145
6.80	145	-115.835284253081
6.80	150	-115.835285105757
6.80	155	-115.835285934836
6.80	160	-115.83528670082
6.80	165	-115.835287360422
6.80	170	-115.835287870529
6.80	175	-115.835288193804
6.80	180	-115.835288305204
7.00	0	-115.835279614379
7.00	5	-115.835279599109
7.00	10	-115.835279555708
7.00	15	-115.835279485241
7.00	20	-115.835279390559
7.00	25	-115.835279275248
7.00	30	-115.835279143786
7.00	35	-115.835279001179
7.00	40	-115.835278852744
7.00	45	-115.835278704079
7.00	50	-115.83527856081
7.00	55	-115.835278428534
7.00	60	-115.835278312676
7.00	65	-115.835278218539
7.00	70	-115.835278151258
7.00	75	-115.835278115712
7.00	80	-115.835278116726
7.00	85	-115.835278158942
7.00	90	-115.835278246898
7.00	95	-115.835278385057
7.00	100	-115.835278577678
7.00	105	-115.83527882881
7.00	110	-115.835279141962
7.00	115	-115.835279519899
7.00	120	-115.835279964068
7.00	125	-115.835280473984
7.00	130	-115.835281046376
7.00	135	-115.835281674272
7.00	140	-115.835282346152
7.00	145	-115.83528304505
7.00	150	-115.835283748396
7.00	155	-115.83528442818
7.00	160	-115.835285052141
7.00	165	-115.835285585905
7.00	170	-115.835285996264
7.00	175	-115.835286255135
7.00	180	-115.835286344268
7.20	0	-115.835279244652
7.20	5	-115.835279231473
7.20	10	-115.835279194313
7.20	15	-115.835279133974
7.20	20	-115.835279052804
7.20	25	-115.835278953899
7.20	30	-115.835278841035
7.20	35	-115.835278718422
7.20	40	-115.835278590624
7.20	45	-115.83527846239
7.20	50	-115.835278338531
7.20	55	-115.835278223834
7.20	60	-115.835278122957
7.20	65	-115.835278040468
7.20	70	-115.835277980776
7.20	75	-115.835277948135
7.20	80	-115.835277946665
7.20	85	-115.835277980368
7.20	90	-115.835278053142
7.20	95	-115.835278168747
7.20	100	-115.835278330789
7.20	105	-115.835278542576
7.20	110	-115.835278806949
7.20	115	-115.835279126049
7.20	120	-115.8352795008
7.20	125	-115.835279930466
7.20	130	-115.835280411931
7.20	135	-115.835280938935
7.20	140	-115.835281501349
7.20	145	-115.835282084609
7.20	150	-115.835282669595
7.20	155	-115.83528323283
7.20	160	-115.835283747733
7.20	165	-115.835284186497
7.20	170	-115.835284522642
7.20	175	-115.835284734141
7.20	180	-115.835284806978
7.40	0	-115.83527896603
7.40	5	-115.835278954614
7.40	10	-115.835278922636
7.40	15	-115.835278870669
7.40	20	-115.835278800749
7.40	25	-115.835278715475
7.40	30	-115.83527861807
7.40	35	-115.835278512104
7.40	40	-115.835278401486
7.40	45	-115.835278290264
7.40	50	-115.835278182571
7.40	55	-115.835278082513
7.40	60	-115.835277994142
7.40	65	-115.835277921369
7.40	70	-115.835277868017
7.40	75	-115.835277837773
7.40	80	-115.835277834218
7.40	85	-115.835277860796
7.40	90	-115.835277920873
7.40	95	-115.835278017645
7.40	100	-115.835278154158
7.40	105	-115.83527833315
7.40	110	-115.835278556945
7.40	115	-115.835278827121
7.40	120	-115.835279144304
7.40	125	-115.835279507589
7.40	130	-115.835279914011
7.40	135	-115.835280358025
7.40	140	-115.835280830805
7.40	145	-115.835281319894
7.40	150	-115.835281809105
7.40	155	-115.835282278828
7.40	160	-115.835282707077
7.40	165	-115.835283071027
7.40	170	-115.835283349236
7.40	175	-115.835283523992
7.40	180	-115.83528358422
7.60	0	-115.835278760923
7.60	5	-115.835278750977
7.60	10	-115.835278723305
7.60	15	-115.835278678325
7.60	20	-115.835278617753
7.60	25	-115.835278543835
7.60	30	-115.835278459302
7.60	35	-115.835278367201
7.60	40	-115.835278270887
7.60	45	-115.835278173867
7.60	50	-115.835278079686
7.60	55	-115.835277991856
7.60	60	-115.8352779139
7.60	65	-115.835277849253
7.60	70	-115.835277801187
7.60	75	-115.83527777293
7.60	80	-115.835277767594
7.60	85	-115.835277788174
7.60	90	-115.835277837563
7.60	95	-115.835277918544
7.60	100	-115.835278033647
7.60	105	-115.835278185182
7.60	110	-115.835278375025
7.60	115	-115.835278604403
7.60	120	-115.835278873648
7.60	125	-115.835279181759
7.60	130	-115.835279526012
7.60	135	-115.835279901416
7.60	140	-115.835280300326
7.60	145	-115.835280712094
7.60	150	-115.835281123007
7.60	155	-115.835281516617
7.60	160	-115.835281874687
7.60	165	-115.83528217839
7.60	170	-115.835282410163
7.60	175	-115.835282555575
7.60	180	-115.835282605759
7.80	0	-115.835278615186
7.80	5	-115.835278606442
7.80	10	-115.835278582369
7.80	15	-115.835278543223
7.80	20	-115.835278490467
7.80	25	-115.835278426019
7.80	30	-115.835278352216
7.80	35	-115.835278271729
7.80	40	-115.835278187396
7.80	45	-115.835278102246
7.80	50	-115.835278019343
7.80	55	-115.835277941762
7.80	60	-115.835277872548
7.80	65	-115.83527781467
7.80	70	-115.835277771019
7.80	75	-115.835277744421
7.80	80	-115.835277737559
7.80	85	-115.835277753072
7.80	90	-115.835277793462
7.80	95	-115.835277861112
7.80	100	-115.835277958196
7.80	105	-115.835278086658
7.80	110	-115.835278248011
7.80	115	-115.835278443199
7.80	120	-115.835278672352
7.80	125	-115.835278934437
7.80	130	-115.835279226936
7.80	135	-115.835279545393
7.80	140	-115.835279883187
7.80	145	-115.835280231128
7.80	150	-115.835280577608
7.80	155	-115.835280908829
7.80	160	-115.835281209543
7.80	165	-115.835281464144
7.80	170	-115.83528165818
7.80	175	-115.835281779787
7.80	180	-115.835281821845
8.00	0	-115.835278517409
8.00	5	-115.835278509691
8.00	10	-115.835278488612
8.00	15	-115.835278454341
8.00	20	-115.835278408142
8.00	25	-115.835278351622
8.00	30	-115.835278286853
8.00	35	-115.835278216074
8.00	40	-115.83527814179
8.00	45	-115.835278066604
8.00	50	-115.835277993179
8.00	55	-115.835277924213
8.00	60	-115.83527786233
8.00	65	-115.835277810172
8.00	70	-115.835277770232
8.00	75	-115.835277744995
8.00	80	-115.83527773684
8.00	85	-115.835277748039
8.00	90	-115.835277780795
8.00	95	-115.835277837178
8.00	100	-115.835277919042
8.00	105	-115.835278028047
8.00	110	-115.835278165402
8.00	115	-115.835278331843
8.00	120	-115.835278527338
8.00	125	-115.835278750879
8.00	130	-115.83527900014
8.00	135	-115.835279271181
8.00	140	-115.835279558159
8.00	145	-115.835279853227
8.00	150	-115.835280146471
8.00	155	-115.835280426265
8.00	160	-115.835280679809
8.00	165	-115.835280894155
8.00	170	-115.835281057291
8.00	175	-115.835281159453
8.00	180	-115.835281194864
8.20	0	-115.835278458403
8.20	5	-115.835278451543
8.20	10	-115.835278432996
8.20	15	-115.835278402834
8.20	20	-115.835278362116
8.20	25	-115.835278312294
8.20	30	-115.835278255104
8.20	35	-115.835278192519
8.20	40	-115.835278126701
8.20	45	-115.835278059926
8.20	50	-115.835277994506
8.20	55	-115.835277932802
8.20	60	-115.835277877122
8.20	65	-115.835277829765
8.20	70	-115.835277792959
8.20	75	-115.835277768871
8.20	80	-115.835277759593
8.20	85	-115.835277767138
8.20	90	-115.835277793425
8.20	95	-115.83527784025
8.20	100	-115.835277909235
8.20	105	-115.835278001739
8.20	110	-115.835278118803
8.20	115	-115.835278260987
8.20	120	-115.835278428145
8.20	125	-115.835278619287
8.20	130	-115.835278832296
8.20	135	-115.835279063644
8.20	140	-115.835279308269
8.20	145	-115.835279559345
8.20	150	-115.835279808436
8.20	155	-115.835280045647
8.20	160	-115.835280260283
8.20	165	-115.835280441448
8.20	170	-115.835280579175
8.20	175	-115.835280665351
8.20	180	-115.835280695302
8.40	0	-115.835278430749
8.40	5	-115.835278424599
8.40	10	-115.835278408207
8.40	15	-115.835278381508
8.40	20	-115.835278345443
8.40	25	-115.835278301267
8.40	30	-115.8352782505
8.40	35	-115.835278194836
8.40	40	-115.835278136205
8.40	45	-115.835278076526
8.40	50	-115.835278017906
8.40	55	-115.835277962355
8.40	60	-115.835277911935
8.40	65	-115.835277868671
8.40	70	-115.835277834518
8.40	75	-115.835277811411
8.40	80	-115.835277801181
8.40	85	-115.835277805612
8.40	90	-115.835277826388
8.40	95	-115.835277865099
8.40	100	-115.83527792312
8.40	105	-115.835278001636
8.40	110	-115.835278101501
8.40	115	-115.835278223121
8.40	120	-115.835278366321
8.40	125	-115.835278530147
8.40	130	-115.83527871264
8.40	135	-115.835278910686
8.40	140	-115.835279119834
8.40	145	-115.835279334183
8.40	150	-115.835279546495
8.40	155	-115.835279748365
8.40	160	-115.835279930713
8.40	165	-115.835280084435
8.40	170	-115.83528020116
8.40	175	-115.835280274151
8.40	180	-115.835280299593
8.60	0	-115.835278428453
8.60	5	-115.835278422928
8.60	10	-115.835278408351
8.60	15	-115.835278384576
8.60	20	-115.835278352469
8.60	25	-115.835278313082
8.60	30	-115.835278267771
8.60	35	-115.835278218001
8.60	40	-115.835278165461
8.60	45	-115.835278111859
8.60	50	-115.835278059001
8.60	55	-115.835278008713
8.60	60	-115.835277962788
8.60	65	-115.835277923007
8.60	70	-115.835277891131
8.60	75	-115.83527786886
8.60	80	-115.835277857825
8.60	85	-115.835277859615
8.60	90	-115.83527787571
8.60	95	-115.835277907487
8.60	100	-115.83527795618
8.60	105	-115.835278022773
8.60	110	-115.835278108009
8.60	115	-115.835278212162
8.60	120	-115.835278335042
8.60	125	-115.835278475729
8.60	130	-115.835278632446
8.60	135	-115.835278802439
8.60	140	-115.835278981771
8.60	145	-115.835279165335
8.60	150	-115.835279346904
8.60	155	-115.835279519267
8.60	160	-115.835279674772
8.60	165	-115.835279805682
8.60	170	-115.835279905003
8.60	175	-115.835279967047
8.60	180	-115.835279988768
8.80	0	-115.835278446664
8.80	5	-115.835278441667
8.80	10	-115.835278428609
8.80	15	-115.835278407368
8.80	20	-115.835278378625
8.80	25	-115.835278343343
8.80	30	-115.835278302661
8.80	35	-115.835278257926
8.80	40	-115.835278210586
8.80	45	-115.835278162177
8.80	50	-115.835278114275
8.80	55	-115.835278068469
8.80	60	-115.835278026402
8.80	65	-115.835277989628
8.80	70	-115.835277959712
8.80	75	-115.835277938178
8.80	80	-115.83527792648
8.80	85	-115.835277926021
8.80	90	-115.835277938106
8.80	95	-115.835277963968
8.80	100	-115.835278004697
8.80	105	-115.835278061129
8.80	110	-115.83527813385
8.80	115	-115.835278223139
8.80	120	-115.835278328726
8.80	125	-115.835278449762
8.80	130	-115.835278584646
8.80	135	-115.835278730902
8.80	140	-115.835278885099
8.80	145	-115.83527904277
8.80	150	-115.8352791985
8.80	155	-115.835279346191
8.80	160	-115.83527947924
8.80	165	-115.835279591127
8.80	170	-115.835279675943
8.80	175	-115.835279728895
8.80	180	-115.835279747517
9.00	0	-115.835278481409
9.00	5	-115.835278476853
9.00	10	-115.835278465134
9.00	15	-115.835278446031
9.00	20	-115.835278420161
9.00	25	-115.835278388384
9.00	30	-115.835278351706
9.00	35	-115.835278311295
9.00	40	-115.835278268442
9.00	45	-115.835278224464
9.00	50	-115.835278180822
9.00	55	-115.835278138901
9.00	60	-115.835278100146
9.00	65	-115.835278065987
9.00	70	-115.835278037788
9.00	75	-115.835278016897
9.00	80	-115.835278004634
9.00	85	-115.835278002265
9.00	90	-115.83527801095
9.00	95	-115.835278031746
9.00	100	-115.835278065647
9.00	105	-115.835278113379
9.00	110	-115.835278175421
9.00	115	-115.835278252001
9.00	120	-115.835278342822
9.00	125	-115.835278447122
9.00	130	-115.835278563424
9.00	135	-115.835278689549
9.00	140	-115.835278822449
9.00	145	-115.835278958238
9.00	150	-115.835279092228
9.00	155	-115.835279219156
9.00	160	-115.835279333377
9.00	165	-115.835279429342
9.00	170	-115.835279502012
9.00	175	-115.835279547355
9.00	180	-115.835279563386
9.50	0	-115.835278620838
9.50	5	-115.83527861715
9.50	10	-115.835278607998
9.50	15	-115.835278593058
9.50	20	-115.835278572791
9.50	25	-115.835278547818
9.50	30	-115.835278518902
9.50	35	-115.835278486883
9.50	40	-115.835278452733
9.50	45	-115.835278417476
9.50	50	-115.835278382159
9.50	55	-115.835278347855
9.50	60	-115.835278315655
9.50	65	-115.835278286636
9.50	70	-115.835278261856
9.50	75	-115.835278242358
9.50	80	-115.835278229144
9.50	85	-115.835278223165
9.50	90	-115.835278225348
9.50	95	-115.83527823647
9.50	100	-115.835278257234
9.50	105	-115.835278288204
9.50	110	-115.835278329714
9.50	115	-115.835278381842
9.50	120	-115.835278444354
9.50	125	-115.835278516611
9.50	130	-115.835278597478
9.50	135	-115.835278685303
9.50	140	-115.835278777848
9.50	145	-115.835278872302
9.50	150	-115.835278965376
9.50	155	-115.835279053359
9.50	160	-115.83527913238
9.50	165	-115.835279198625
9.50	170	-115.835279248725
9.50	175	-115.835279279966
9.50	180	-115.835279291178
10.00	0	-115.835278808522
10.00	5	-115.835278805442
10.00	10	-115.835278798106
10.00	15	-115.835278786096
10.00	20	-115.835278769794
10.00	25	-115.835278749643
10.00	30	-115.835278726205
10.00	35	-115.835278700164
10.00	40	-115.835278672232
10.00	45	-115.8352786432
10.00	50	-115.835278613845
10.00	55	-115.835278585034
10.00	60	-115.83527855759
10.00	65	-115.835278532354
10.00	70	-115.835278510178
10.00	75	-115.835278491845
10.00	80	-115.83527847815
10.00	85	-115.835278469854
10.00	90	-115.835278467642
10.00	95	-115.835278472148
10.00	100	-115.835278483914
10.00	105	-115.835278503335
10.00	110	-115.835278530647
10.00	115	-115.835278565936
10.00	120	-115.835278608951
10.00	125	-115.835278659191
10.00	130	-115.835278715805
10.00	135	-115.835278777516
10.00	140	-115.835278842667
10.00	145	-115.835278909214
10.00	150	-115.835278974768
10.00	155	-115.835279036688
10.00	160	-115.835279092228
10.00	165	-115.835279138764
10.00	170	-115.83527917391
10.00	175	-115.835279195797
10.00	180	-115.835279203844
10.50	0	-115.835279022054
10.50	5	-115.835279019425
10.50	10	-115.835279013391
10.50	15	-115.835279003528
10.50	20	-115.835278990075
10.50	25	-115.835278973429
10.50	30	-115.835278953994
10.50	35	-115.835278932318
10.50	40	-115.835278908945
10.50	45	-115.835278884469
10.50	50	-115.835278859552
10.50	55	-115.835278834834
10.50	60	-115.835278810966
10.50	65	-115.835278788624
10.50	70	-115.835278768513
10.50	75	-115.835278751217
10.50	80	-115.835278737394
10.50	85	-115.835278727631
10.50	90	-115.835278722498
10.50	95	-115.835278722477
10.50	100	-115.835278728008
10.50	105	-115.835278739394
10.50	110	-115.835278756821
10.50	115	-115.835278780319
10.50	120	-115.83527880973
10.50	125	-115.835278844628
10.50	130	-115.835278884348
10.50	135	-115.835278927942
10.50	140	-115.83527897418
10.50	145	-115.8352790215
10.50	150	-115.835279068166
10.50	155	-115.835279112266
10.50	160	-115.835279151825
10.50	165	-115.835279184955
10.50	170	-115.835279209958
10.50	175	-115.835279225527
10.50	180	-115.835279231426
11.00	0	-115.835279247572
11.00	5	-115.835279245269
11.00	10	-115.835279240216
11.00	15	-115.835279231919
11.00	20	-115.835279220628
11.00	25	-115.835279206606
11.00	30	-115.835279190165
11.00	35	-115.835279171748
11.00	40	-115.835279151796
11.00	45	-115.835279130791
11.00	50	-115.835279109223
11.00	55	-115.835279087637
11.00	60	-115.83527906657
11.00	65	-115.835279046526
11.00	70	-115.835279028078
11.00	75	-115.835279011753
11.00	80	-115.835278998041
11.00	85	-115.835278987416
11.00	90	-115.83527898036
11.00	95	-115.835278977276
11.00	100	-115.835278978476
11.00	105	-115.835278984229
11.00	110	-115.8352789947
11.00	115	-115.835279009908
11.00	120	-115.83527902968
11.00	125	-115.835279053721
11.00	130	-115.835279081531
11.00	135	-115.835279112371
11.00	140	-115.835279145288
11.00	145	-115.835279179145
11.00	150	-115.835279212614
11.00	155	-115.835279244321
11.00	160	-115.835279272771
11.00	165	-115.835279296596
11.00	170	-115.835279314592
11.00	175	-115.835279325805
11.00	180	-115.835279330222
11.50	0	-115.835279476468
11.50	5	-115.835279474409
11.50	10	-115.835279470099
11.50	15	-115.835279463016
11.50	20	-115.835279453344
11.50	25	-115.835279441312
11.50	30	-115.835279427173
11.50	35	-115.835279411275
11.50	40	-115.835279393971
11.50	45	-115.83527937563
11.50	50	-115.8352793567
11.50	55	-115.835279337579
11.50	60	-115.835279318726
11.50	65	-115.835279300575
11.50	70	-115.835279283564
11.50	75	-115.835279268116
11.50	80	-115.835279254675
11.50	85	-115.835279243623
11.50	90	-115.835279235357
11.50	95	-115.835279230188
11.50	100	-115.835279228405
11.50	105	-115.835279230199
11.50	110	-115.835279235738
11.50	115	-115.835279244998
11.50	120	-115.835279257919
11.50	125	-115.83527927422
11.50	130	-115.835279293525
11.50	135	-115.835279315256
11.50	140	-115.835279338675
11.50	145	-115.835279362953
11.50	150	-115.83527938707
11.50	155	-115.835279409983
11.50	160	-115.835279430587
11.50	165	-115.835279447863
11.50	170	-115.835279460931
11.50	175	-115.835279469059
11.50	180	-115.835279472434
12.00	0	-115.835279703398
12.00	5	-115.83527970154
12.00	10	-115.835279697803
12.00	15	-115.83527969166
12.00	20	-115.835279683255
12.00	25	-115.835279672772
12.00	30	-115.835279660435
12.00	35	-115.835279646518
12.00	40	-115.835279631284
12.00	45	-115.835279615094
12.00	50	-115.835279598256
12.00	55	-115.83527958113
12.00	60	-115.835279564094
12.00	65	-115.835279547506
12.00	70	-115.835279531727
12.00	75	-115.83527951713
12.00	80	-115.835279504075
12.00	85	-115.835279492883
12.00	90	-115.835279483869
12.00	95	-115.835279477319
12.00	100	-115.835279473485
12.00	105	-115.835279472516
12.00	110	-115.835279474535
12.00	115	-115.835279479576
12.00	120	-115.835279487534
12.00	125	-115.835279498245
12.00	130	-115.835279511406
12.00	135	-115.835279526558
12.00	140	-115.835279543151
12.00	145	-115.83527956051
12.00	150	-115.835279577902
12.00	155	-115.835279594482
12.00	160	-115.835279609461
12.00	165	-115.835279622059
12.00	170	-115.83527963158
12.00	175	-115.835279637526
12.00	180	-115.835279640149
12.50	0	-115.835279925107
12.50	5	-115.835279923405
12.50	10	-115.835279920118
12.50	15	-115.835279914731
12.50	20	-115.835279907328
12.50	25	-115.835279898093
12.50	30	-115.835279887195
12.50	35	-115.835279874844
12.50	40	-115.835279861298
12.50	45	-115.835279846831
12.50	50	-115.8352798317
12.50	55	-115.835279816225
12.50	60	-115.835279800698
12.50	65	-115.835279785449
12.50	70	-115.835279770769
12.50	75	-115.835279756971
12.50	80	-115.835279744356
12.50	85	-115.835279733225
12.50	90	-115.835279723822
12.50	95	-115.8352797164
12.50	100	-115.83527971116
12.50	105	-115.835279708243
12.50	110	-115.835279707777
12.50	115	-115.835279709772
12.50	120	-115.835279714158
12.50	125	-115.835279720815
12.50	130	-115.835279729487
12.50	135	-115.835279739856
12.50	140	-115.83527975145
12.50	145	-115.835279763781
12.50	150	-115.835279776262
12.50	155	-115.835279788254
12.50	160	-115.835279799135
12.50	165	-115.835279808327
12.50	170	-115.835279815304
12.50	175	-115.83527981965
12.50	180	-115.835279821731
13.00	0	-115.835280139681
13.00	5	-115.835280138097
13.00	10	-115.835280135177
13.00	15	-115.83528013039
13.00	20	-115.835280123812
13.00	25	-115.835280115586
13.00	30	-115.835280105842
13.00	35	-115.835280094793
13.00	40	-115.835280082632
13.00	45	-115.835280069571
13.00	50	-115.835280055867
13.00	55	-115.835280041779
13.00	60	-115.835280027546
13.00	65	-115.83528001345
13.00	70	-115.835279999749
13.00	75	-115.835279986703
13.00	80	-115.835279974576
13.00	85	-115.835279963627
13.00	90	-115.835279954073
13.00	95	-115.835279946126
13.00	100	-115.835279939961
13.00	105	-115.835279935706
13.00	110	-115.835279933465
13.00	115	-115.835279933264
13.00	120	-115.83527993506
13.00	125	-115.835279938755
13.00	130	-115.835279944144
13.00	135	-115.835279950979
13.00	140	-115.835279958922
13.00	145	-115.835279967547
13.00	150	-115.835279976417
13.00	155	-115.835279985028
13.00	160	-115.835279992904
13.00	165	-115.835279999594
13.00	170	-115.83528000467
13.00	175	-115.835280007858
13.00	180	-115.835280009555
13.50	0	-115.835280346045
13.50	5	-115.83528034456
13.50	10	-115.835280341958
13.50	15	-115.835280337661
13.50	20	-115.835280331762
13.50	25	-115.835280324355
13.50	30	-115.83528031559
13.50	35	-115.835280305603
13.50	40	-115.835280294593
13.50	45	-115.835280282719
13.50	50	-115.835280270228
13.50	55	-115.835280257303
13.50	60	-115.83528024419
13.50	65	-115.83528023109
13.50	70	-115.83528021828
13.50	75	-115.835280205942
13.50	80	-115.83528019433
13.50	85	-115.835280183661
13.50	90	-115.835280174114
13.50	95	-115.83528016588
13.50	100	-115.835280159139
13.50	105	-115.835280153968
13.50	110	-115.835280150482
13.50	115	-115.835280148714
13.50	120	-115.835280148624
13.50	125	-115.835280150137
13.50	130	-115.83528015313
13.50	135	-115.835280157356
13.50	140	-115.835280162568
13.50	145	-115.835280168456
13.50	150	-115.835280174631
13.50	155	-115.835280180754
13.50	160	-115.835280186391
13.50	165	-115.835280191217
13.50	170	-115.83528019491
13.50	175	-115.835280197225
13.50	180	-115.835280198615
14.00	0	-115.835280543722
14.00	5	-115.835280542321
14.00	10	-115.835280539972
14.00	15	-115.835280536078
14.00	20	-115.835280530744
14.00	25	-115.835280524044
14.00	30	-115.835280516078
14.00	35	-115.835280506996
14.00	40	-115.835280496954
14.00	45	-115.835280486105
14.00	50	-115.835280474626
14.00	55	-115.835280462725
14.00	60	-115.835280450568
14.00	65	-115.835280438396
14.00	70	-115.835280426378
14.00	75	-115.835280414714
14.00	80	-115.835280403601
14.00	85	-115.835280393259
14.00	90	-115.835280383844
14.00	95	-115.83528037552
14.00	100	-115.835280368415
14.00	105	-115.835280362655
14.00	110	-115.835280358301
14.00	115	-115.835280355417
14.00	120	-115.835280353953
14.00	125	-115.835280353884
14.00	130	-115.835280355076
14.00	135	-115.835280357379
14.00	140	-115.835280360568
14.00	145	-115.835280364401
14.00	150	-115.835280368593
14.00	155	-115.835280372811
14.00	160	-115.835280376793
14.00	165	-115.835280380209
14.00	170	-115.835280382861
14.00	175	-115.835280384521
14.00	180	-115.835280385705
14.50	0	-115.835280732542
14.50	5	-115.835280731215
14.50	10	-115.835280729074
14.50	15	-115.835280725538
14.50	20	-115.835280720678
14.50	25	-115.835280714559
14.50	30	-115.835280707281
14.50	35	-115.835280698971
14.50	40	-115.835280689777
14.50	45	-115.835280679797
14.50	50	-115.835280669203
14.50	55	-115.835280658189
14.50	60	-115.835280646901
14.50	65	-115.835280635515
14.50	70	-115.835280624218
14.50	75	-115.835280613206
14.50	80	-115.835280602613
14.50	85	-115.835280592628
14.50	90	-115.835280583409
14.50	95	-115.835280575101
14.50	100	-115.835280567826
14.50	105	-115.835280561696
14.50	110	-115.835280556758
14.50	115	-115.835280553085
14.50	120	-115.835280550646
14.50	125	-115.835280549407
14.50	130	-115.835280549283
14.50	135	-115.83528055014
14.50	140	-115.83528055181
14.50	145	-115.835280554099
14.50	150	-115.835280556777
14.50	155	-115.835280559593
14.50	160	-115.835280562304
14.50	165	-115.835280564684
14.50	170	-115.835280566543
14.50	175	-115.835280567708
14.50	180	-115.835280568723
15.00	0	-115.835280912622
15.00	5	-115.835280911363
15.00	10	-115.835280909396
15.00	15	-115.835280906165
15.00	20	-115.8352809017
15.00	25	-115.835280896092
15.00	30	-115.835280889401
15.00	35	-115.835280881778
15.00	40	-115.835280873274
15.00	45	-115.835280864049
15.00	50	-115.835280854267
15.00	55	-115.835280844016
15.00	60	-115.83528083349
15.00	65	-115.835280822834
15.00	70	-115.835280812212
15.00	75	-115.835280801767
15.00	80	-115.835280791678
15.00	85	-115.835280782069
15.00	90	-115.835280773113
15.00	95	-115.835280764905
15.00	100	-115.835280757591
15.00	105	-115.835280751243
15.00	110	-115.835280745951
15.00	115	-115.835280741718
15.00	120	-115.835280738572
15.00	125	-115.835280736494
15.00	130	-115.835280735395
15.00	135	-115.835280735183
15.00	140	-115.835280735719
15.00	145	-115.835280736855
15.00	150	-115.835280738375
15.00	155	-115.835280740129
15.00	160	-115.835280741878
15.00	165	-115.83528074346
15.00	170	-115.835280744716
15.00	175	-115.835280745531
15.00	180	-115.835280746415
16.00	0	-115.835281247532
16.00	5	-115.835281246379
16.00	10	-115.835281244709
16.00	15	-115.835281241942
16.00	20	-115.835281238149
16.00	25	-115.835281233378
16.00	30	-115.835281227657
16.00	35	-115.835281221095
16.00	40	-115.835281213789
16.00	45	-115.835281205824
16.00	50	-115.835281197338
16.00	55	-115.835281188413
16.00	60	-115.835281179175
16.00	65	-115.835281169784
16.00	70	-115.835281160336
16.00	75	-115.835281150965
16.00	80	-115.835281141809
16.00	85	-115.835281132977
16.00	90	-115.8352811246
16.00	95	-115.835281116768
16.00	100	-115.8352811096
16.00	105	-115.835281103161
16.00	110	-115.835281097529
16.00	115	-115.835281092705
16.00	120	-115.83528108873
16.00	125	-115.835281085601
16.00	130	-115.835281083269
16.00	135	-115.835281081674
16.00	140	-115.835281080724
16.00	145	-115.835281080319
16.00	150	-115.835281080337
16.00	155	-115.835281080644
16.00	160	-115.835281081116
16.00	165	-115.835281081635
16.00	170	-115.835281082074
16.00	175	-115.835281082391
16.00	180	-115.835281083097
17.00	0	-115.835281551161
17.00	5	-115.835281550072
17.00	10	-115.835281548629
17.00	15	-115.835281546248
17.00	20	-115.835281542966
17.00	25	-115.835281538816
17.00	30	-115.835281533852
17.00	35	-115.83528152814
17.00	40	-115.835281521778
17.00	45	-115.835281514816
17.00	50	-115.835281507369
17.00	55	-115.835281499505
17.00	60	-115.835281491345
17.00	65	-115.835281482998
17.00	70	-115.835281474549
17.00	75	-115.835281466122
17.00	80	-115.835281457812
17.00	85	-115.835281449722
17.00	90	-115.835281441974
17.00	95	-115.835281434641
17.00	100	-115.83528142779
17.00	105	-115.835281421516
17.00	110	-115.835281415855
17.00	115	-115.835281410869
17.00	120	-115.835281406548
17.00	125	-115.835281402913
17.00	130	-115.835281399939
17.00	135	-115.835281397611
17.00	140	-115.835281395828
17.00	145	-115.835281394555
17.00	150	-115.835281393696
17.00	155	-115.835281393199
17.00	160	-115.835281392908
17.00	165	-115.835281392784
17.00	170	-115.835281392758
17.00	175	-115.835281392767
17.00	180	-115.835281393377
18.00	0	-115.835281826615
18.00	5	-115.83528182559
18.00	10	-115.835281824341
18.00	15	-115.835281822245
18.00	20	-115.835281819361
18.00	25	-115.835281815722
18.00	30	-115.835281811367
18.00	35	-115.835281806357
18.00	40	-115.835281800742
18.00	45	-115.835281794586
18.00	50	-115.835281787994
18.00	55	-115.835281781008
18.00	60	-115.835281773747
18.00	65	-115.835281766275
18.00	70	-115.83528175868
18.00	75	-115.835281751092
18.00	80	-115.835281743536
18.00	85	-115.835281736162
18.00	90	-115.835281729011
18.00	95	-115.835281722179
18.00	100	-115.835281715754
18.00	105	-115.835281709761
18.00	110	-115.835281704271
18.00	115	-115.835281699316
18.00	120	-115.835281694935
18.00	125	-115.835281691104
18.00	130	-115.835281687843
18.00	135	-115.835281685129
18.00	140	-115.835281682928
18.00	145	-115.835281681176
18.00	150	-115.835281679829
18.00	155	-115.835281678838
18.00	160	-115.835281678114
18.00	165	-115.835281677639
18.00	170	-115.835281677325
18.00	175	-115.83528167716
18.00	180	-115.835281677719
19.00	0	-115.835282077
19.00	5	-115.835282076031
19.00	10	-115.835282074914
19.00	15	-115.835282073064
19.00	20	-115.835282070516
19.00	25	-115.835282067294
19.00	30	-115.835282063436
19.00	35	-115.835282058985
19.00	40	-115.835282053986
19.00	45	-115.835282048514
19.00	50	-115.83528204263
19.00	55	-115.835282036393
19.00	60	-115.835282029881
19.00	65	-115.835282023143
19.00	70	-115.835282016319
19.00	75	-115.835282009421
19.00	80	-115.835282002569
19.00	85	-115.835281995817
19.00	90	-115.835281989253
19.00	95	-115.835281982921
19.00	100	-115.835281976923
19.00	105	-115.83528197128
19.00	110	-115.835281966036
19.00	115	-115.83528196125
19.00	120	-115.835281956929
19.00	125	-115.835281953107
19.00	130	-115.835281949763
19.00	135	-115.835281946901
19.00	140	-115.835281944496
19.00	145	-115.835281942494
19.00	150	-115.835281940881
19.00	155	-115.835281939625
19.00	160	-115.835281938661
19.00	165	-115.835281937977
19.00	170	-115.835281937497
19.00	175	-115.835281937222
19.00	180	-115.835281937748
20.00	0	-115.83528230444
20.00	5	-115.835282303506
20.00	10	-115.835282302543
20.00	15	-115.835282300929
20.00	20	-115.835282298699
20.00	25	-115.835282295873
20.00	30	-115.835282292498
20.00	35	-115.835282288596
20.00	40	-115.835282284209
20.00	45	-115.835282279404
20.00	50	-115.835282274349
20.00	55	-115.835282268735
20.00	60	-115.835282262854
20.00	65	-115.835282256788
20.00	70	-115.835282250602
20.00	75	-115.835282244332
20.00	80	-115.835282238092
20.00	85	-115.835282231908
20.00	90	-115.83528222588
20.00	95	-115.835282220027
20.00	100	-115.835282214447
20.00	105	-115.835282209165
20.00	110	-115.835282204217
20.00	115	-115.835282199663
20.00	120	-115.835282195513
20.00	125	-115.835282191767
20.00	130	-115.83528218846
20.00	135	-115.835282185571
20.00	140	-115.835282183083
20.00	145	-115.835282180985
20.00	150	-115.835282179249
20.00	155	-115.83528217786
20.00	160	-115.835282176775
20.00	165	-115.835282175961
20.00	170	-115.835282175398
20.00	175	-115.83528217507
20.00	180	-115.835282175567
21.00	0	-115.835282511632
21.00	5	-115.835282510741
21.00	10	-115.835282509913
21.00	15	-115.835282508559
21.00	20	-115.835282506653
21.00	25	-115.835282504257
21.00	30	-115.835282501362
21.00	35	-115.835282498013
21.00	40	-115.835282494242
21.00	45	-115.835282490069
21.00	50	-115.835282485563
21.00	55	-115.83528248075
21.00	60	-115.835282475685
21.00	65	-115.835282470412
21.00	70	-115.835282464983
21.00	75	-115.835282458864
21.00	80	-115.835282453196
21.00	85	-115.835282447588
21.00	90	-115.835282441697
21.00	95	-115.835282436296
21.00	100	-115.835282431109
21.00	105	-115.835282426181
21.00	110	-115.835282422061
21.00	115	-115.835282417614
21.00	120	-115.835282413481
21.00	125	-115.835282409704
21.00	130	-115.835282406286
21.00	135	-115.835282403242
21.00	140	-115.835282400564
21.00	145	-115.835282398261
21.00	150	-115.8352823963
21.00	155	-115.835282394685
21.00	160	-115.835282393379
21.00	165	-115.835282392399
21.00	170	-115.835282391698
21.00	175	-115.835282391297
21.00	180	-115.835282391765
22.00	0	-115.835282703194
22.00	5	-115.83528270234
22.00	10	-115.835282701581
22.00	15	-115.835282700327
22.00	20	-115.835282698598
22.00	25	-115.8352826964
22.00	30	-115.835282693751
22.00	35	-115.835282690694
22.00	40	-115.835282687223
22.00	45	-115.83528268341
22.00	50	-115.835282679294
22.00	55	-115.83528267487
22.00	60	-115.835282670227
22.00	65	-115.835282665385
22.00	70	-115.835282660406
22.00	75	-115.835282655327
22.00	80	-115.835282650206
22.00	85	-115.835282645068
22.00	90	-115.83528263998
22.00	95	-115.835282634989
22.00	100	-115.835282630148
22.00	105	-115.835282625471
22.00	110	-115.835282621037
22.00	115	-115.835282616822
22.00	120	-115.835282612898
22.00	125	-115.835282609264
22.00	130	-115.835282605952
22.00	135	-115.835282602961
22.00	140	-115.835282600309
22.00	145	-115.83528259799
22.00	150	-115.835282595993
22.00	155	-115.835282594326
22.00	160	-115.835282592979
22.00	165	-115.835282591939
22.00	170	-115.835282591211
22.00	175	-115.835282590757
22.00	180	-115.835282591224
23.00	0	-115.835282879179
23.00	5	-115.835282878339
23.00	10	-115.83528287764
23.00	15	-115.835282876499
23.00	20	-115.835282874921
23.00	25	-115.835282872887
23.00	30	-115.835282870464
23.00	35	-115.835282867654
23.00	40	-115.83528286448
23.00	45	-115.835282860977
23.00	50	-115.835282857178
23.00	55	-115.83528285313
23.00	60	-115.835282848861
23.00	65	-115.835282844409
23.00	70	-115.835282839824
23.00	75	-115.835282835141
23.00	80	-115.835282830411
23.00	85	-115.835282825687
23.00	90	-115.835282820978
23.00	95	-115.83528281638
23.00	100	-115.835282811895
23.00	105	-115.835282807562
23.00	110	-115.835282803422
23.00	115	-115.835282799505
23.00	120	-115.835282795838
23.00	125	-115.835282792446
23.00	130	-115.835282789328
23.00	135	-115.835282786509
23.00	140	-115.835282784012
23.00	145	-115.835282781804
23.00	150	-115.835282779903
23.00	155	-115.835282778315
23.00	160	-115.835282777019
23.00	165	-115.835282776035
23.00	170	-115.835282775314
23.00	175	-115.835282774896
23.00	180	-115.835282775359
24.00	0	-115.835283041318
24.00	5	-115.835283040492
24.00	10	-115.83528303986
24.00	15	-115.835283038798
24.00	20	-115.835283037341
24.00	25	-115.835283035489
24.00	30	-115.835283033251
24.00	35	-115.835283030663
24.00	40	-115.835283027742
24.00	45	-115.83528302453
24.00	50	-115.835283021032
24.00	55	-115.835283017293
24.00	60	-115.83528301336
24.00	65	-115.835283009259
24.00	70	-115.835283005037
24.00	75	-115.835283000707
24.00	80	-115.835282996351
24.00	85	-115.835282991976
24.00	90	-115.835282987627
24.00	95	-115.835282983367
24.00	100	-115.835282979196
24.00	105	-115.835282975182
24.00	110	-115.835282971332
24.00	115	-115.835282967685
24.00	120	-115.835282964247
24.00	125	-115.835282961089
24.00	130	-115.835282958161
24.00	135	-115.835282955509
24.00	140	-115.835282953149
24.00	145	-115.835282951069
24.00	150	-115.835282949268
24.00	155	-115.83528294776
24.00	160	-115.835282946527
24.00	165	-115.835282945592
24.00	170	-115.835282944897
24.00	175	-115.83528294449
24.00	180	-115.835282944963
25.00	0	-115.83528319113
25.00	5	-115.835283190321
25.00	10	-115.835283189734
25.00	15	-115.835283188772
25.00	20	-115.835283187417
25.00	25	-115.835283185714
25.00	30	-115.835283183643
25.00	35	-115.835283181247
25.00	40	-115.835283178563
25.00	45	-115.835283175585
25.00	50	-115.83528317236
25.00	55	-115.835283168918
25.00	60	-115.835283165281
25.00	65	-115.835283161497
25.00	70	-115.835283157585
25.00	75	-115.835283153599
25.00	80	-115.835283149546
25.00	85	-115.835283145502
25.00	90	-115.835283141483
25.00	95	-115.835283137518
25.00	100	-115.835283133649
25.00	105	-115.835283129921
25.00	110	-115.835283126341
25.00	115	-115.835283122933
25.00	120	-115.835283119726
25.00	125	-115.835283116777
25.00	130	-115.835283114025
25.00	135	-115.835283111552
25.00	140	-115.835283109316
25.00	145	-115.835283107354
25.00	150	-115.835283105646
25.00	155	-115.835283104225
25.00	160	-115.835283103042
25.00	165	-115.835283102143
25.00	170	-115.835283101506
25.00	175	-115.835283101116
25.00	180	-115.835283101593
50.00	0	-115.835285021502
50.00	5	-115.835285020859
50.00	10	-115.835285020718
50.00	15	-115.835285020484
50.00	20	-115.83528502016
50.00	25	-115.835285019745
50.00	30	-115.835285019256
50.00	35	-115.835285018676
50.00	40	-115.835285018031
50.00	45	-115.835285017319
50.00	50	-115.835285016546
50.00	55	-115.835285015708
50.00	60	-115.835285014825
50.00	65	-115.835285013909
50.00	70	-115.835285012947
50.00	75	-115.835285011966
50.00	80	-115.83528501097
50.00	85	-115.83528500996
50.00	90	-115.83528500896
50.00	95	-115.835285007966
50.00	100	-115.835285006966
50.00	105	-115.835285006022
50.00	110	-115.835285005086
50.00	115	-115.835285004187
50.00	120	-115.83528500335
50.00	125	-115.835285002538
50.00	130	-115.835285001779
50.00	135	-115.835285001097
50.00	140	-115.835285000466
50.00	145	-115.835284999908
50.00	150	-115.835284999416
50.00	155	-115.835284998982
50.00	160	-115.835284998639
50.00	165	-115.835284998374
50.00	170	-115.835284998169
50.00	175	-115.83528499806
50.00	180	-115.835284998634
100.00	0	-115.835285947809
100.00	5	-115.835285947204
100.00	10	-115.835285947169
100.00	15	-115.835285947113
100.00	20	-115.835285947035
100.00	25	-115.835285946937
100.00	30	-115.835285946818
100.00	35	-115.83528594668
100.00	40	-115.835285946535
100.00	45	-115.835285946363
100.00	50	-115.835285946183
100.00	55	-115.835285945989
100.00	60	-115.835285945769
100.00	65	-115.835285945546
100.00	70	-115.835285945311
100.00	75	-115.835285945078
100.00	80	-115.835285944848
100.00	85	-115.835285944605
100.00	90	-115.835285944349
100.00	95	-115.835285944116
100.00	100	-115.835285943867
100.00	105	-115.835285943641
100.00	110	-115.835285943399
100.00	115	-115.835285943185
100.00	120	-115.835285942981
100.00	125	-115.835285942775
100.00	130	-115.835285942591
100.00	135	-115.835285942417
100.00	140	-115.835285942253
100.00	145	-115.835285942114
100.00	150	-115.835285941989
100.00	155	-115.83528594188
100.00	160	-115.835285941798
100.00	165	-115.835285941726
100.00	170	-115.83528594167
100.00	175	-115.835285941644
100.00	180	-115.835285942239
