T	0->2	0->4	0->6	0->8	
1.000000000000000000e+00 1.751485564471038017e-18 9.821476005703386503e-36 3.750980416676882290e-61 1.204146559117965718e-97
2.000000000000000000e+00 6.059044687961639317e-15 2.891178682236788599e-24 3.601328159998069026e-37 1.629443850724190829e-56
3.000000000000000000e+00 9.072745946652138864e-14 1.857134074316135350e-20 3.399949702962013907e-29 8.190655460417050432e-43
4.000000000000000000e+00 3.528295266445425958e-13 1.476833992261541718e-18 3.241358380130199044e-25 5.745018485643602673e-36
5.000000000000000000e+00 7.999320051817100242e-13 2.043661290620637600e-17 7.829510026398338451e-23 7.326746281729076623e-32
6.000000000000000000e+00 1.382200164986080022e-12 1.184728183120630210e-16 3.012391288745611141e-21 3.994859798319098527e-29
7.000000000000000000e+00 2.042510299506670492e-12 4.187794129260634596e-16 4.054111967947356966e-20 3.601891961723767719e-27
8.000000000000000000e+00 2.736151066772181893e-12 1.088216220762480066e-15 2.827546471880386760e-19 1.055792786306786844e-25
9.000000000000000000e+00 3.433684505435606701e-12 2.305105336858412869e-15 1.271637845001475635e-18 1.464360211884558048e-24
1.000000000000000000e+01 4.118061117171532559e-12 4.233021712084434771e-15 4.205299375859687741e-18 1.203582997917075354e-23
1.100000000000000000e+01 4.780775417954668802e-12 7.005785739833769426e-15 1.111956922171693350e-17 6.764207016852088020e-23
1.200000000000000000e+01 5.418636149350300743e-12 1.072110053036516185e-14 2.486253637681980714e-17 2.859411836517817726e-22
1.300000000000000000e+01 6.031448836785045187e-12 1.543940201473746040e-14 4.886932159547602365e-17 9.711815496669923704e-22
1.400000000000000000e+01 6.620493676541904543e-12 2.118569953831637872e-14 8.682250793794351809e-17 2.778008758629066363e-21
1.500000000000000000e+01 7.187594691543204259e-12 2.795321018124460760e-14 1.422985936362958785e-16 6.927215435345413899e-21
1.600000000000000000e+01 7.734594735322531424e-12 3.570807838955640824e-14 2.184741000322621229e-16 1.545269937257021658e-20
1.700000000000000000e+01 8.263093820421505903e-12 4.439465053911109219e-14 3.179267153638923364e-16 3.145220912224388550e-20
1.800000000000000000e+01 8.774349273212588766e-12 5.394085818981092599e-14 4.425354645442236968e-16 5.931551005471350959e-20
1.900000000000000000e+01 9.269268865513903540e-12 6.426334925798970652e-14 5.934650797082384689e-16 1.049101081636814058e-19
2.000000000000000000e+01 9.748452121367715172e-12 7.527210851300925012e-14 7.712120676958029534e-16 1.757134277206708737e-19
2.100000000000000000e+01 1.021225191582103658e-11 8.687441376766761483e-14 9.756896592870544794e-16 2.808887459333087284e-19
2.200000000000000000e+01 1.066083996300715382e-11 9.897806611930836400e-14 1.206332325748515991e-15 4.313087493637502967e-19
2.300000000000000000e+01 1.109426731455805586e-11 1.114939029313014211e-13 1.462205366917069257e-15 6.395348019585958771e-19
2.400000000000000000e+01 1.151251573365274689e-11 1.243376493316301232e-13 1.742109777576847341e-15 9.197620670438902773e-19
2.500000000000000000e+01 1.191553866219662219e-11 1.374311906741483636e-13 2.044676525967300217e-15 1.287740982986041077e-18
2.600000000000000000e+01 1.230329210261289975e-11 1.507033593346155467e-13 2.368447343807465701e-15 1.760684804417923965e-18
2.700000000000000000e+01 1.267575654400456557e-11 1.640903292339473877e-13 2.711941190926722068e-15 2.357171477066439634e-18
2.800000000000000000e+01 1.303295138377620142e-11 1.775357047400913882e-13 3.073706880411963453e-15 3.097046389199052229e-18
2.900000000000000000e+01 1.337494333484778336e-11 1.909903802658594125e-13 3.452363113971833589e-15 4.001330792314631896e-18
3.000000000000000000e+01 1.370185019688491732e-11 2.044122351705388456e-13 3.846627546333142190e-15 5.092139063003889471e-18
3.100000000000000000e+01 1.401384118914078693e-11 2.177657169156764717e-13 4.255336604723637628e-15 6.392606567072181332e-18
3.200000000000000000e+01 1.431113484099453253e-11 2.310213546520444092e-13 4.677457734684926289e-15 7.926828715982952182e-18
3.300000000000000000e+01 1.459399524106805114e-11 2.441552359395935162e-13 5.112095597591102376e-15 9.719810873952780571e-18
3.400000000000000000e+01 1.486272727043852469e-11 2.571484712658797229e-13 5.558493556391053136e-15 1.179742806488266498e-17
3.500000000000000000e+01 1.511767129534343045e-11 2.699866644044426384e-13 6.016031585164538014e-15 1.418639291794286642e-17
3.600000000000000000e+01 1.535919767061766385e-11 2.826594013242891866e-13 6.484221543774531403e-15 1.691422995345799516e-17
3.700000000000000000e+01 1.558770130515676900e-11 2.951597661634901788e-13 6.962700581511793560e-15 2.000925412202807493e-17
3.800000000000000000e+01 1.580359646205064807e-11 3.074838895406282077e-13 7.451223277939771236e-15 2.350055144665506022e-17
3.900000000000000000e+01 1.600731190541124175e-11 3.196305320303424958e-13 7.949652996446391028e-15 2.741795965904599780e-17
4.000000000000000000e+01 1.619928646013384108e-11 3.316007038221180961e-13 8.457952815508690242e-15 3.179204684795014680e-17
4.100000000000000000e+01 1.637996501699177134e-11 3.433973202831017152e-13 8.976176312455060292e-15 3.665408633146739044e-17
4.200000000000000000e+01 1.654979499106167852e-11 3.550248922449944877e-13 9.504458402127640808e-15 4.203602621004229258e-17
4.300000000000000000e+01 1.670922322440889504e-11 3.664892492400480653e-13 1.004300637572021239e-14 4.797045233678852896e-17
4.400000000000000000e+01 1.685869331251112193e-11 3.777972935475677082e-13 1.059209124070039596e-14 5.449054374251362338e-17
4.500000000000000000e+01 1.699864332667496709e-11 3.889567827204977162e-13 1.115203942882896022e-14 6.163001986133966199e-17
4.600000000000000000e+01 1.712950390060890620e-11 3.999761381949443209e-13 1.172322491384219074e-14 6.942307920765450102e-17
4.700000000000000000e+01 1.725169664749984072e-11 4.108642776071915746e-13 1.230606176162579254e-14 7.790432944647621229e-17
4.800000000000000000e+01 1.736563287374061816e-11 4.216304685252417997e-13 1.290099712221589857e-14 8.710870906912220151e-17
4.900000000000000000e+01 1.747171255636046672e-11 4.322842014234920596e-13 1.350850466350193347e-14 9.707140112814316379e-17
5.000000000000000000e+01 1.757032355285153858e-11 4.428350798744875968e-13 1.412907844009109993e-14 1.078277396953605001e-16
5.100000000000000000e+01 1.766184101416778148e-11 4.532927260886857439e-13 1.476322718663814895e-14 1.194131098817944530e-16
5.200000000000000000e+01 1.774662697400103941e-11 4.636667000937941185e-13 1.541146902241778109e-14 1.318628423970858403e-16
5.300000000000000000e+01 1.782503008986248001e-11 4.739664310034521225e-13 1.607432655254536705e-14 1.452121037288334200e-16
5.400000000000000000e+01 1.789738551390663211e-11 4.842011589769289829e-13 1.675232235065503341e-14 1.594957830903514278e-16
5.500000000000000000e+01 1.796401487377217670e-11 4.943798866146945967e-13 1.744597480775742749e-14 1.747483773209009406e-16
5.600000000000000000e+01 1.802522634591737924e-11 5.045113386675205038e-13 1.815579433221313975e-14 1.910038749282957385e-16
5.700000000000000000e+01 1.808131480598791539e-11 5.146039290587616976e-13 1.888227988613194879e-14 2.082956404432884774e-16
5.800000000000000000e+01 1.813256204264204145e-11 5.246657343303520240e-13 1.962591584394635002e-14 2.266563002119024306e-16
5.900000000000000000e+01 1.817923702298061331e-11 5.347044727231844470e-13 2.038716915934609472e-14 2.461176306896408663e-16
6.000000000000000000e+01 1.822159619928165832e-11 5.447274881923121114e-13 2.116648682715849413e-14 2.667104502239749826e-16
6.100000000000000000e+01 1.825988384812935946e-11 5.547417387377194891e-13 2.196429362710535412e-14 2.884645152222694813e-16
6.200000000000000000e+01 1.829433243426967175e-11 5.647537885026456508e-13 2.278099013664924409e-14 3.114084215046941995e-16
6.300000000000000000e+01 1.832516299261880805e-11 5.747698031548233053e-13 2.361695100036409513e-14 3.355695115387798765e-16
6.400000000000000000e+01 1.835258552282425215e-11 5.847955481218474918e-13 2.447252344344135728e-14 3.609737881468426066e-16
6.500000000000000000e+01 1.837679939162569726e-11 5.948363893013905116e-13 2.534802601707453709e-14 3.876458351718973355e-16
6.600000000000000000e+01 1.839799373900905348e-11 6.048972959105251086e-13 2.624374756357579068e-14 4.156087454840464240e-16
6.700000000000000000e+01 1.841634788479714855e-11 6.149828451768522220e-13 2.715994638917142759e-14 4.448840566092260581e-16
6.800000000000000000e+01 1.843203173288391371e-11 6.250972286079878995e-13 2.809684963251573330e-14 4.754916941671413166e-16
6.900000000000000000e+01 1.844520617080960089e-11 6.352442596058356576e-13 2.905465281706271584e-14 5.074499232161708303e-16
7.000000000000000000e+01 1.845602346279618067e-11 6.454273822183629455e-13 3.003351957555105784e-14 5.407753075208246856e-16
7.100000000000000000e+01 1.846462763472633386e-11 6.556496808449213701e-13 3.103358153499449790e-14 5.754826766824472833e-16
7.200000000000000000e+01 1.847115484986383638e-11 6.659138907316574893e-13 3.205493835073845159e-14 6.115851010067145461e-16
7.300000000000000000e+01 1.847573377437712394e-11 6.762224091118191371e-13 3.309765787833554558e-14 6.490938739219837616e-16
7.400000000000000000e+01 1.847848593196002493e-11 6.865773068619044839e-13 3.416177647222319321e-14 6.880185017109112709e-16
7.500000000000000000e+01 1.847952604703426979e-11 6.969803405589880382e-13 3.524729940044315204e-14 7.283667002735627064e-16
7.600000000000000000e+01 1.847896237618504287e-11 7.074329648373780897e-13 3.635420136493519459e-14 7.701443986033949574e-16
7.700000000000000000e+01 1.847689702761712682e-11 7.179363449541376604e-13 3.748242711725542045e-14 8.133557486274685464e-16
7.800000000000000000e+01 1.847342626853670457e-11 7.284913694833386698e-13 3.863189215991645835e-14 8.580031410387548483e-16
7.900000000000000000e+01 1.846864082045931968e-11 7.390986630679889257e-13 3.980248352391700916e-14 9.040872267308696603e-16
8.000000000000000000e+01 1.846262614252563058e-11 7.497585991669151513e-13 4.099406061341873706e-14 9.516069434335465284e-16
8.100000000000000000e+01 1.845546270297100471e-11 7.604713127412310296e-13 4.220645610893588327e-14 1.000559547140123149e-15
8.200000000000000000e+01 1.844722623894943389e-11 7.712367128317903771e-13 4.343947692082577501e-14 1.050940647915759039e-15
8.300000000000000000e+01 1.843798800495443537e-11 7.820544949850335184e-13 4.469290518529576920e-14 1.102744249676499455e-15
8.400000000000000000e+01 1.842781501011442533e-11 7.929241534901016818e-13 4.596649929558328878e-14 1.155962793534203592e-15
8.500000000000000000e+01 1.841677024466439852e-11 8.038449933951003299e-13 4.725999496140280897e-14 1.210587204310226459e-15
8.600000000000000000e+01 1.840491289591756463e-11 8.148161422748224846e-13 4.857310629019382235e-14 1.266606939831240411e-15
8.700000000000000000e+01 1.839229855407378158e-11 8.258365617263343762e-13 4.990552688414349780e-14 1.324010042633176469e-15
8.800000000000000000e+01 1.837897940821019184e-11 8.369050585725508869e-13 5.125693094738375174e-14 1.382783193713628163e-15
8.900000000000000000e+01 1.836500443280772017e-11 8.480202957571863946e-13 5.262697439819121226e-14 1.442911767988910044e-15
9.000000000000000000e+01 1.835041956516603808e-11 8.591808029175972240e-13 5.401529598142638463e-14 1.504379891128794896e-15
9.100000000000000000e+01 1.833526787406236904e-11 8.703849866246863256e-13 5.542151837685432566e-14 1.567170497459651631e-15
9.200000000000000000e+01 1.831958972000480425e-11 8.816311402815934269e-13 5.684524929937384542e-14 1.631265388644952345e-15
9.300000000000000000e+01 1.830342290742671434e-11 8.929174536750395038e-13 5.828608258755584090e-14 1.696645292870628871e-15
9.400000000000000000e+01 1.828680282916412172e-11 9.042420221753494097e-13 5.974359927725161026e-14 1.763289924281364396e-15
9.500000000000000000e+01 1.826976260354889945e-11 9.156028555828151103e-13 6.121736865737076493e-14 1.831178042432585392e-15
9.600000000000000000e+01 1.825233320444337299e-11 9.269978866198539591e-13 6.270694930525479378e-14 1.900287511541125779e-15
9.700000000000000000e+01 1.823454358453422714e-11 9.384249790697542593e-13 6.421189009937831036e-14 1.970595359335623870e-15
9.800000000000000000e+01 1.821642079219132263e-11 9.498819355641648183e-13 6.573173120740329419e-14 2.042077835325214454e-15
9.900000000000000000e+01 1.819799008219045784e-11 9.613665050225703723e-13 6.726600504787895334e-14 2.114710468322117621e-15
1.000000000000000000e+02 1.817927502058703951e-11 9.728763897480849785e-13 6.881423722414231794e-14 2.188468123069967963e-15
